1970-12-31,0,401679,382934,784613
1970-12-31,1,448827,427427,876254
1970-12-31,2,483801,460014,943815
1970-12-31,3,504306,480476,984782
1970-12-31,4,518807,494128,1012935
1970-12-31,5,520701,494477,1015178
1970-12-31,6,531377,504548,1035925
1970-12-31,7,524231,499258,1023489
1970-12-31,8,505021,480673,985694
1970-12-31,9,502342,478820,981162
1970-12-31,10,485587,462655,948242
1970-12-31,11,474943,449530,924473
1970-12-31,12,453733,429366,883099
1970-12-31,13,445000,421625,866625
1970-12-31,14,429208,407521,836729
1970-12-31,15,414574,392218,806792
1970-12-31,16,417036,398010,815046
1970-12-31,17,403805,386152,789957
1970-12-31,18,413332,393543,806875
1970-12-31,19,409147,393738,802885
1970-12-31,20,419966,405752,825718
1970-12-31,21,429275,406559,835834
1970-12-31,22,410415,389636,800051
1970-12-31,23,392317,371232,763549
1970-12-31,24,368837,345595,714432
1970-12-31,25,320128,297694,617822
1970-12-31,26,419426,392948,812374
1970-12-31,27,432147,399825,831972
1970-12-31,28,429324,390756,820080
1970-12-31,29,519109,474420,993529
1970-12-31,30,565680,513838,1079518
1970-12-31,31,557881,507609,1065490
1970-12-31,32,527776,480218,1007994
1970-12-31,33,498541,453537,952078
1970-12-31,34,493768,450742,944510
1970-12-31,35,482928,441688,924616
1970-12-31,36,458425,416855,875280
1970-12-31,37,378777,343596,722373
1970-12-31,38,379914,350331,730245
1970-12-31,39,391213,362839,754052
1970-12-31,40,419157,391057,810214
1970-12-31,41,411287,385990,797277
1970-12-31,42,418672,394267,812939
1970-12-31,43,380301,386602,766903
1970-12-31,44,359169,404408,763577
1970-12-31,45,348134,423990,772124
1970-12-31,46,309577,417060,726637
1970-12-31,47,306596,418206,724802
1970-12-31,48,325669,440241,765910
1970-12-31,49,337581,464994,802575
1970-12-31,50,331185,468588,799773
1970-12-31,51,257033,359215,616248
1970-12-31,52,173856,242041,415897
1970-12-31,53,169241,233116,402357
1970-12-31,54,185453,257822,443275
1970-12-31,55,241162,340131,581293
1970-12-31,56,304821,434265,739086
1970-12-31,57,316415,439367,755782
1970-12-31,58,324839,445910,770749
1970-12-31,59,309027,424800,733827
1970-12-31,60,310650,436345,746995
1970-12-31,61,317683,440182,757865
1970-12-31,62,311081,434004,745085
1970-12-31,63,308493,419254,727747
1970-12-31,64,296871,410021,706892
1970-12-31,65,298739,388924,687663
1970-12-31,66,290288,382429,672717
1970-12-31,67,269606,361535,631141
1970-12-31,68,261171,359514,620685
1970-12-31,69,243456,342280,585736
1970-12-31,70,221682,318982,540664
1970-12-31,71,196939,302306,499245
1970-12-31,72,175587,289649,465236
1970-12-31,73,153549,266484,420033
1970-12-31,74,138520,254637,393157
1970-12-31,75,120504,229936,350440
1970-12-31,76,107047,212012,319059
1970-12-31,77,98353,193675,292028
1970-12-31,78,86340,170820,257160
1970-12-31,79,79101,155111,234212
1970-12-31,80,68194,133151,201345
1970-12-31,81,59635,117772,177407
1970-12-31,82,52799,101883,154682
1970-12-31,83,44858,86170,131028
1970-12-31,84,36634,70638,107272
1970-12-31,85,131362,246976,378338
1971-12-31,0,391188,371639,762827
1971-12-31,1,401467,383193,784660
1971-12-31,2,451548,430014,881562
1971-12-31,3,487588,463299,950887
1971-12-31,4,507908,483477,991385
1971-12-31,5,522301,497042,1019343
1971-12-31,6,523498,496931,1020429
1971-12-31,7,533763,506975,1040738
1971-12-31,8,526773,501543,1028316
1971-12-31,9,507740,483095,990835
1971-12-31,10,504993,481259,986252
1971-12-31,11,488584,465430,954014
1971-12-31,12,477830,452090,929920
1971-12-31,13,456348,431719,888067
1971-12-31,14,448238,424454,872692
1971-12-31,15,435637,411316,846953
1971-12-31,16,421064,396248,817312
1971-12-31,17,422275,402751,825026
1971-12-31,18,411500,393573,805073
1971-12-31,19,420710,403090,823800
1971-12-31,20,411563,402319,813882
1971-12-31,21,429285,414138,843423
1971-12-31,22,441414,414077,855491
1971-12-31,23,424178,397073,821251
1971-12-31,24,405589,377576,783165
1971-12-31,25,379324,351106,730430
1971-12-31,26,329595,302627,632222
1971-12-31,27,427453,397125,824578
1971-12-31,28,438853,403339,842192
1971-12-31,29,436944,394057,831001
1971-12-31,30,525186,477394,1002580
1971-12-31,31,571736,516696,1088432
1971-12-31,32,563446,510261,1073707
1971-12-31,33,532985,482676,1015661
1971-12-31,34,503239,455616,958855
1971-12-31,35,498114,452842,950956
1971-12-31,36,485627,443359,928986
1971-12-31,37,461212,418350,879562
1971-12-31,38,382206,344948,727154
1971-12-31,39,382624,351584,734208
1971-12-31,40,393036,363838,756874
1971-12-31,41,420678,391938,812616
1971-12-31,42,411986,386516,798502
1971-12-31,43,418944,394671,813615
1971-12-31,44,380566,386655,767221
1971-12-31,45,358964,404371,763335
1971-12-31,46,347536,423537,771073
1971-12-31,47,308820,416579,725399
1971-12-31,48,305572,417431,723003
1971-12-31,49,324364,439063,763427
1971-12-31,50,335596,463599,799195
1971-12-31,51,328991,467001,795992
1971-12-31,52,255160,357946,613106
1971-12-31,53,172323,241056,413379
1971-12-31,54,167610,232125,399735
1971-12-31,55,183528,256756,440284
1971-12-31,56,238393,338356,576749
1971-12-31,57,300852,431817,732669
1971-12-31,58,311649,436651,748300
1971-12-31,59,319550,442806,762356
1971-12-31,60,303276,421968,725244
1971-12-31,61,304238,433377,737615
1971-12-31,62,310482,436533,747015
1971-12-31,63,303113,429563,732676
1971-12-31,64,299891,414338,714229
1971-12-31,65,287704,404519,692223
1971-12-31,66,288749,383079,671828
1971-12-31,67,279422,375623,655045
1971-12-31,68,258458,354218,612676
1971-12-31,69,248940,351094,600034
1971-12-31,70,231076,333273,564349
1971-12-31,71,209121,309635,518756
1971-12-31,72,184806,292097,476903
1971-12-31,73,163896,278509,442405
1971-12-31,74,142370,254943,397313
1971-12-31,75,127705,242035,369740
1971-12-31,76,110272,217248,327520
1971-12-31,77,97169,198975,296144
1971-12-31,78,88644,179973,268617
1971-12-31,79,77244,157588,234832
1971-12-31,80,69686,141409,211095
1971-12-31,81,59716,120134,179850
1971-12-31,82,51405,105044,156449
1971-12-31,83,44972,89394,134366
1971-12-31,84,37620,74616,112236
1971-12-31,85,131808,256878,388686
1972-12-31,0,351980,335114,687094
1972-12-31,1,389899,370920,760819
1972-12-31,2,403499,384899,788398
1972-12-31,3,455154,432809,887963
1972-12-31,4,491191,466022,957213
1972-12-31,5,510570,485774,996344
1972-12-31,6,523978,498720,1022698
1972-12-31,7,525225,498438,1023663
1972-12-31,8,535836,508857,1044693
1972-12-31,9,528747,503506,1032253
1972-12-31,10,509876,485064,994940
1972-12-31,11,507281,483229,990510
1972-12-31,12,491045,467693,958738
1972-12-31,13,480203,454171,934374
1972-12-31,14,459309,434283,893592
1972-12-31,15,453600,427737,881337
1972-12-31,16,441621,415017,856638
1972-12-31,17,425795,400617,826412
1972-12-31,18,428933,410068,839001
1972-12-31,19,416958,402282,819240
1972-12-31,20,421913,412362,834275
1972-12-31,21,417169,409345,826514
1972-12-31,22,439402,421848,861250
1972-12-31,23,450807,420883,871690
1972-12-31,24,433672,403408,837080
1972-12-31,25,413246,382652,795898
1972-12-31,26,384898,355207,740105
1972-12-31,27,334346,306464,640810
1972-12-31,28,431347,400213,831560
1972-12-31,29,442697,406012,848709
1972-12-31,30,442958,396599,839557
1972-12-31,31,527272,479287,1006559
1972-12-31,32,573592,518655,1092247
1972-12-31,33,565052,512058,1077110
1972-12-31,34,534813,484193,1019006
1972-12-31,35,504216,457099,961315
1972-12-31,36,498539,453841,952380
1972-12-31,37,485574,444189,929763
1972-12-31,38,461107,419051,880158
1972-12-31,39,382426,345577,728003
1972-12-31,40,382491,352139,734630
1972-12-31,41,392268,364019,756287
1972-12-31,42,419463,392144,811607
1972-12-31,43,410990,386467,797457
1972-12-31,44,417650,394602,812252
1972-12-31,45,379094,386396,765490
1972-12-31,46,357592,403926,761518
1972-12-31,47,345942,422836,768778
1972-12-31,48,307079,415849,722928
1972-12-31,49,303754,416441,720195
1972-12-31,50,322133,437825,759958
1972-12-31,51,333183,461852,795035
1972-12-31,52,326329,465160,791489
1972-12-31,53,252884,356362,609246
1972-12-31,54,170620,239860,410480
1972-12-31,55,165736,230978,396714
1972-12-31,56,181325,255400,436725
1972-12-31,57,235148,336363,571511
1972-12-31,58,296443,429017,725460
1972-12-31,59,306473,433557,740030
1972-12-31,60,313670,439844,753514
1972-12-31,61,296966,419026,715992
1972-12-31,62,297265,429691,726956
1972-12-31,63,302790,431900,734690
1972-12-31,64,294543,424584,719127
1972-12-31,65,290643,408670,699313
1972-12-31,66,278170,398173,676343
1972-12-31,67,277806,376426,654232
1972-12-31,68,267784,368194,635978
1972-12-31,69,246407,346133,592540
1972-12-31,70,236240,342022,578262
1972-12-31,71,218012,323439,541451
1972-12-31,72,196259,299423,495682
1972-12-31,73,172449,281239,453688
1972-12-31,74,151830,266820,418650
1972-12-31,75,131088,242540,373628
1972-12-31,76,116533,228820,345353
1972-12-31,77,100109,203808,303917
1972-12-31,78,87415,185262,272677
1972-12-31,79,78940,166096,245036
1972-12-31,80,68235,144175,212410
1972-12-31,81,60987,127869,188856
1972-12-31,82,51564,107204,158768
1972-12-31,83,43902,92513,136415
1972-12-31,84,37820,77576,115396
1972-12-31,85,133484,269321,402805
1973-12-31,0,318603,304421,623024
1973-12-31,1,350062,334297,684359
1973-12-31,2,391275,372075,763350
1973-12-31,3,406584,387578,794162
1973-12-31,4,458713,435691,894404
1973-12-31,5,494123,468446,962569
1973-12-31,6,511629,486921,998550
1973-12-31,7,525277,500099,1025376
1973-12-31,8,527438,500412,1027850
1973-12-31,9,538255,510982,1049237
1973-12-31,10,531129,505546,1036675
1973-12-31,11,512416,487451,999867
1973-12-31,12,509670,485323,994993
1973-12-31,13,493930,470218,964148
1973-12-31,14,483547,456853,940400
1973-12-31,15,465090,437957,903047
1973-12-31,16,459060,431309,890369
1973-12-31,17,447056,419928,866984
1973-12-31,18,433561,408927,842488
1973-12-31,19,435816,420847,856663
1973-12-31,20,418486,412746,831232
1973-12-31,21,430707,421636,852343
1973-12-31,22,429911,416621,846532
1973-12-31,23,454116,429677,883793
1973-12-31,24,464862,427146,892008
1973-12-31,25,447445,408896,856341
1973-12-31,26,423149,387327,810476
1973-12-31,27,392251,358776,751027
1973-12-31,28,341524,309840,651364
1973-12-31,29,438750,402863,841613
1973-12-31,30,451846,408260,860106
1973-12-31,31,448296,398830,847126
1973-12-31,32,531070,481013,1012083
1973-12-31,33,577586,520280,1097866
1973-12-31,34,567884,513608,1081492
1973-12-31,35,537502,485683,1023185
1973-12-31,36,505332,458079,963411
1973-12-31,37,498466,454546,953012
1973-12-31,38,485736,444856,930592
1973-12-31,39,461194,419542,880736
1973-12-31,40,382616,346092,728708
1973-12-31,41,381838,352535,734373
1973-12-31,42,391012,364179,755191
1973-12-31,43,418129,392071,810200
1973-12-31,44,409543,386251,795794
1973-12-31,45,415958,394286,810244
1973-12-31,46,377239,385809,763048
1973-12-31,47,355580,403307,758887
1973-12-31,48,344025,421978,766003
1973-12-31,49,305094,414821,719915
1973-12-31,50,301761,415207,716968
1973-12-31,51,319720,436250,755970
1973-12-31,52,330423,460066,790489
1973-12-31,53,323330,463092,786422
1973-12-31,54,250361,354732,605093
1973-12-31,55,168552,238541,407093
1973-12-31,56,163591,229703,393294
1973-12-31,57,178906,253938,432844
1973-12-31,58,231653,334116,565769
1973-12-31,59,291546,425872,717418
1973-12-31,60,300695,430358,731053
1973-12-31,61,307332,436569,743901
1973-12-31,62,290176,415349,705525
1973-12-31,63,289973,425341,715314
1973-12-31,64,294353,426788,721141
1973-12-31,65,285493,418865,704358
1973-12-31,66,280974,402450,683424
1973-12-31,67,268033,391157,659190
1973-12-31,68,266268,369095,635363
1973-12-31,69,255503,359861,615364
1973-12-31,70,233953,337188,571141
1973-12-31,71,223053,332002,555055
1973-12-31,72,204771,312767,517538
1973-12-31,73,183262,288404,471666
1973-12-31,74,159702,269221,428923
1973-12-31,75,139911,254140,394051
1973-12-31,76,119783,229519,349302
1973-12-31,77,105416,214968,320384
1973-12-31,78,89914,190192,280106
1973-12-31,79,78023,171328,249351
1973-12-31,80,69534,151996,221530
1973-12-31,81,59534,130420,189954
1973-12-31,82,52511,114175,166686
1973-12-31,83,43897,94627,138524
1973-12-31,84,36893,80575,117468
1973-12-31,85,134572,281909,416481
1974-12-31,0,314398,300139,614537
1974-12-31,1,317026,303607,620633
1974-12-31,2,351631,335443,687074
1974-12-31,3,394634,374869,769503
1974-12-31,4,410663,390356,801019
1974-12-31,5,462366,438396,900762
1974-12-31,6,495083,469599,964682
1974-12-31,7,511993,487658,999651
1974-12-31,8,527220,502030,1029250
1974-12-31,9,529745,502626,1032371
1974-12-31,10,540250,513031,1053281
1974-12-31,11,533106,507601,1040707
1974-12-31,12,514400,489166,1003566
1974-12-31,13,511387,486810,998197
1974-12-31,14,496283,472277,968560
1974-12-31,15,486273,458972,945245
1974-12-31,16,466446,439774,906220
1974-12-31,17,459436,433196,892632
1974-12-31,18,447803,423030,870833
1974-12-31,19,432270,412766,845036
1974-12-31,20,429137,424392,853529
1974-12-31,21,416853,415177,832030
1974-12-31,22,430981,423746,854727
1974-12-31,23,428573,417917,846490
1974-12-31,24,451394,431090,882484
1974-12-31,25,460836,427866,888702
1974-12-31,26,442436,409224,851660
1974-12-31,27,417666,387157,804823
1974-12-31,28,386722,358372,745094
1974-12-31,29,336043,309323,645366
1974-12-31,30,433324,402101,835425
1974-12-31,31,446274,407635,853909
1974-12-31,32,442639,398156,840795
1974-12-31,33,525549,480261,1005810
1974-12-31,34,570777,519537,1090314
1974-12-31,35,561727,512786,1074513
1974-12-31,36,531438,484839,1016277
1974-12-31,37,499598,457237,956835
1974-12-31,38,492911,453722,946633
1974-12-31,39,480230,443994,924224
1974-12-31,40,455793,418591,874384
1974-12-31,41,377515,345278,722793
1974-12-31,42,377115,351766,728881
1974-12-31,43,386629,363413,750042
1974-12-31,44,413701,391008,804709
1974-12-31,45,405305,385217,790522
1974-12-31,46,411960,393116,805076
1974-12-31,47,373448,384651,758099
1974-12-31,48,351963,401952,753915
1974-12-31,49,340521,420401,760922
1974-12-31,50,301901,413299,715200
1974-12-31,51,298388,413454,711842
1974-12-31,52,316261,434246,750507
1974-12-31,53,326715,457928,784643
1974-12-31,54,319486,460566,780052
1974-12-31,55,247188,352698,599886
1974-12-31,56,166159,237136,403295
1974-12-31,57,161033,228236,389269
1974-12-31,58,176103,252152,428255
1974-12-31,59,227613,331596,559209
1974-12-31,60,286013,422875,708888
1974-12-31,61,294608,427071,721679
1974-12-31,62,300415,432726,733141
1974-12-31,63,282906,411205,694111
1974-12-31,64,282122,420339,702461
1974-12-31,65,285519,420920,706439
1974-12-31,66,276004,412489,688493
1974-12-31,67,270715,395657,666372
1974-12-31,68,257017,383426,640443
1974-12-31,69,254306,360745,615051
1974-12-31,70,242723,350741,593464
1974-12-31,71,221246,327545,548791
1974-12-31,72,209654,321187,530841
1974-12-31,73,191315,301221,492536
1974-12-31,74,170094,276470,446564
1974-12-31,75,147125,256567,403692
1974-12-31,76,127897,240653,368550
1974-12-31,77,108710,215808,324518
1974-12-31,78,94789,200810,295599
1974-12-31,79,80364,175933,256297
1974-12-31,80,69073,156941,226014
1974-12-31,81,60804,137736,198540
1974-12-31,82,51355,116653,168008
1974-12-31,83,44775,100931,145706
1974-12-31,84,37131,82475,119606
1974-12-31,85,135452,295319,430771
1975-12-31,0,301696,286138,587834
1975-12-31,1,308850,296248,605098
1975-12-31,2,315083,302669,617752
1975-12-31,3,351388,335514,686902
1975-12-31,4,394877,375244,770121
1975-12-31,5,410787,390728,801515
1975-12-31,6,460137,437319,897456
1975-12-31,7,492716,468379,961095
1975-12-31,8,511255,487472,998727
1975-12-31,9,526872,502229,1029101
1975-12-31,10,529642,502852,1032494
1975-12-31,11,540386,513539,1053925
1975-12-31,12,532822,507843,1040665
1975-12-31,13,514056,489330,1003386
1975-12-31,14,511033,486933,997966
1975-12-31,15,495988,472450,968438
1975-12-31,16,484838,458786,943624
1975-12-31,17,465029,439646,904675
1975-12-31,18,458138,433401,891539
1975-12-31,19,445851,423586,869437
1975-12-31,20,426316,413149,839465
1975-12-31,21,425880,423575,849455
1975-12-31,22,415645,413913,829558
1975-12-31,23,428261,421958,850219
1975-12-31,24,424668,415640,840308
1975-12-31,25,446411,428282,874693
1975-12-31,26,454980,424986,879966
1975-12-31,27,435440,405955,841395
1975-12-31,28,410383,384057,794440
1975-12-31,29,379356,355299,734655
1975-12-31,30,328958,306549,635507
1975-12-31,31,426316,399598,825914
1975-12-31,32,438859,405071,843930
1975-12-31,33,435245,395633,830878
1975-12-31,34,518151,478218,996369
1975-12-31,35,562175,517125,1079300
1975-12-31,36,553754,510546,1064300
1975-12-31,37,523826,482690,1006516
1975-12-31,38,492469,455288,947757
1975-12-31,39,486114,451708,937822
1975-12-31,40,474200,442171,916371
1975-12-31,41,449430,416845,866275
1975-12-31,42,371311,343549,714860
1975-12-31,43,371606,350023,721629
1975-12-31,44,381402,361762,743164
1975-12-31,45,408594,389360,797954
1975-12-31,46,400541,383591,784132
1975-12-31,47,407343,391454,798797
1975-12-31,48,369014,383004,752018
1975-12-31,49,347843,400198,748041
1975-12-31,50,336613,418552,755165
1975-12-31,51,298206,411270,709476
1975-12-31,52,294831,411302,706133
1975-12-31,53,312352,431926,744278
1975-12-31,54,322388,455500,777888
1975-12-31,55,315201,457752,772953
1975-12-31,56,243585,350547,594132
1975-12-31,57,163512,235505,399017
1975-12-31,58,158219,226550,384769
1975-12-31,59,173032,250176,423208
1975-12-31,60,223123,328927,552050
1975-12-31,61,280072,419558,699630
1975-12-31,62,287998,423451,711449
1975-12-31,63,292713,428213,720926
1975-12-31,64,275045,406335,681380
1975-12-31,65,273512,414688,688200
1975-12-31,66,275935,414355,690290
1975-12-31,67,265531,405050,670581
1975-12-31,68,259534,387917,647451
1975-12-31,69,245239,374978,620217
1975-12-31,70,241276,351398,592674
1975-12-31,71,229352,340562,569914
1975-12-31,72,207807,316912,524719
1975-12-31,73,195409,309254,504663
1975-12-31,74,177351,288360,465711
1975-12-31,75,156356,263446,419802
1975-12-31,76,134278,242760,377038
1975-12-31,77,115914,226163,342077
1975-12-31,78,97435,201017,298452
1975-12-31,79,84193,185421,269614
1975-12-31,80,70588,160835,231423
1975-12-31,81,60002,141847,201849
1975-12-31,82,52376,123123,175499
1975-12-31,83,43682,103022,146704
1975-12-31,84,37508,87599,125107
1975-12-31,85,135397,307350,442747
1976-12-31,0,304120,289632,593752
1976-12-31,1,297294,283272,580566
1976-12-31,2,306570,295120,601690
1976-12-31,3,314856,302383,617239
1976-12-31,4,351457,335881,687338
1976-12-31,5,394773,375282,770055
1976-12-31,6,407935,389154,797089
1976-12-31,7,457382,435815,893197
1976-12-31,8,492203,468257,960460
1976-12-31,9,511057,487584,998641
1976-12-31,10,527018,502709,1029727
1976-12-31,11,529992,503586,1033578
1976-12-31,12,540504,514201,1054705
1976-12-31,13,533152,508391,1041543
1976-12-31,14,514377,489989,1004366
1976-12-31,15,511692,487840,999532
1976-12-31,16,496636,473317,969953
1976-12-31,17,485760,459762,945522
1976-12-31,18,466459,441022,907481
1976-12-31,19,459115,434813,893928
1976-12-31,20,444886,425442,870328
1976-12-31,21,426605,413904,840509
1976-12-31,22,429874,423795,853669
1976-12-31,23,417621,413536,831157
1976-12-31,24,428143,420986,849129
1976-12-31,25,423642,414251,837893
1976-12-31,26,444490,426646,871136
1976-12-31,27,451957,422803,874760
1976-12-31,28,431471,403813,835284
1976-12-31,29,406100,381719,787819
1976-12-31,30,374923,352910,727833
1976-12-31,31,324417,304626,629043
1976-12-31,32,421398,397831,819229
1976-12-31,33,434269,403389,837658
1976-12-31,34,430050,394097,824147
1976-12-31,35,513147,476699,989846
1976-12-31,36,556348,515492,1071840
1976-12-31,37,548576,509131,1057707
1976-12-31,38,518531,481289,999820
1976-12-31,39,487549,454013,941562
1976-12-31,40,481363,450445,931808
1976-12-31,41,470034,441025,911059
1976-12-31,42,444872,415517,860389
1976-12-31,43,367165,342385,709550
1976-12-31,44,367855,348793,716648
1976-12-31,45,377744,360570,738314
1976-12-31,46,404825,387923,792748
1976-12-31,47,396799,382391,779190
1976-12-31,48,403482,389984,793466
1976-12-31,49,365494,381484,746978
1976-12-31,50,344283,398624,742907
1976-12-31,51,333207,416707,749914
1976-12-31,52,295095,409333,704428
1976-12-31,53,291409,409333,700742
1976-12-31,54,308659,429593,738252
1976-12-31,55,318323,452971,771294
1976-12-31,56,311106,455051,766157
1976-12-31,57,239867,348313,588180
1976-12-31,58,160842,233832,394674
1976-12-31,59,155609,224785,380394
1976-12-31,60,169823,248302,418125
1976-12-31,61,218480,326462,544942
1976-12-31,62,273947,416007,689954
1976-12-31,63,280949,419279,700228
1976-12-31,64,284998,423379,708377
1976-12-31,65,267197,401141,668338
1976-12-31,66,264868,408593,673461
1976-12-31,67,266133,407678,673811
1976-12-31,68,254881,397492,652373
1976-12-31,69,248014,379518,627532
1976-12-31,70,233290,365938,599228
1976-12-31,71,228372,341757,570129
1976-12-31,72,215777,329974,545751
1976-12-31,73,194466,305647,500113
1976-12-31,74,181320,296791,478111
1976-12-31,75,163537,275217,438754
1976-12-31,76,143111,250111,393222
1976-12-31,77,122009,228678,350687
1976-12-31,78,104377,211712,316089
1976-12-31,79,86877,186482,273359
1976-12-31,80,74330,170291,244621
1976-12-31,81,61671,146173,207844
1976-12-31,82,51741,127295,179036
1976-12-31,83,44658,109159,153817
1976-12-31,84,36864,90094,126958
1976-12-31,85,136724,322589,459313
1977-12-31,0,295721,279975,575696
1977-12-31,1,301654,288374,590028
1977-12-31,2,296349,282747,579096
1977-12-31,3,306391,295558,601949
1977-12-31,4,315332,302947,618279
1977-12-31,5,351553,336171,687724
1977-12-31,6,391363,373313,764676
1977-12-31,7,405476,387785,793261
1977-12-31,8,457222,436345,893567
1977-12-31,9,492678,468780,961458
1977-12-31,10,511264,488222,999486
1977-12-31,11,527834,503882,1031716
1977-12-31,12,530605,504551,1035156
1977-12-31,13,541295,515164,1056459
1977-12-31,14,534040,509485,1043525
1977-12-31,15,515798,491229,1007027
1977-12-31,16,513185,488906,1002091
1977-12-31,17,498897,475164,974061
1977-12-31,18,488689,462193,950882
1977-12-31,19,468869,443563,912432
1977-12-31,20,460387,437802,898189
1977-12-31,21,447240,427442,874682
1977-12-31,22,431914,415719,847633
1977-12-31,23,433868,424851,858719
1977-12-31,24,419495,414169,833664
1977-12-31,25,429585,420836,850421
1977-12-31,26,424014,413399,837413
1977-12-31,27,444364,425928,870292
1977-12-31,28,450947,422164,873111
1977-12-31,29,429937,402728,832665
1977-12-31,30,403819,380530,784349
1977-12-31,31,372337,351680,724017
1977-12-31,32,322129,303530,625659
1977-12-31,33,418727,396698,815425
1977-12-31,34,431680,402801,834481
1977-12-31,35,426868,393210,820078
1977-12-31,36,510191,476097,986288
1977-12-31,37,552563,514730,1067293
1977-12-31,38,545137,508589,1053726
1977-12-31,39,515221,480612,995833
1977-12-31,40,484576,453370,937946
1977-12-31,41,478548,449688,928236
1977-12-31,42,467080,440320,907400
1977-12-31,43,441849,414673,856522
1977-12-31,44,364218,341653,705871
1977-12-31,45,365208,347996,713204
1977-12-31,46,375220,359800,735020
1977-12-31,47,401893,386848,788741
1977-12-31,48,393800,381277,775077
1977-12-31,49,400217,388763,788980
1977-12-31,50,362255,380252,742507
1977-12-31,51,341148,397047,738195
1977-12-31,52,330122,414977,745099
1977-12-31,53,291965,407641,699606
1977-12-31,54,288048,407417,695465
1977-12-31,55,304947,427513,732460
1977-12-31,56,314330,450568,764898
1977-12-31,57,306818,452311,759129
1977-12-31,58,236305,346141,582446
1977-12-31,59,158086,232202,390288
1977-12-31,60,152872,223211,376083
1977-12-31,61,166505,246535,413040
1977-12-31,62,213906,323863,537769
1977-12-31,63,267679,412204,679883
1977-12-31,64,274036,415051,689087
1977-12-31,65,276976,418358,695334
1977-12-31,66,259168,395636,654804
1977-12-31,67,255917,402177,658094
1977-12-31,68,256204,400946,657150
1977-12-31,69,244358,389659,634017
1977-12-31,70,236384,371087,607471
1977-12-31,71,221212,356445,577657
1977-12-31,72,215564,331674,547238
1977-12-31,73,202347,319257,521604
1977-12-31,74,181304,294315,475619
1977-12-31,75,167643,284221,451864
1977-12-31,76,150436,262133,412569
1977-12-31,77,130937,236818,367755
1977-12-31,78,110418,214857,325275
1977-12-31,79,93608,197635,291243
1977-12-31,80,77175,172132,249307
1977-12-31,81,65399,155973,221372
1977-12-31,82,53568,132204,185772
1977-12-31,83,44448,113652,158100
1977-12-31,84,37933,96178,134111
1977-12-31,85,139248,341682,480930
1978-12-31,0,293380,278052,571432
1978-12-31,1,294789,279639,574428
1978-12-31,2,301958,288869,590827
1978-12-31,3,297460,283986,581446
1978-12-31,4,307794,296612,604406
1978-12-31,5,316438,304098,620536
1978-12-31,6,349534,335234,684768
1978-12-31,7,390715,372981,763696
1978-12-31,8,407363,389453,796816
1978-12-31,9,459269,438286,897555
1978-12-31,10,494516,470330,964846
1978-12-31,11,513340,490019,1003359
1978-12-31,12,529905,505555,1035460
1978-12-31,13,532815,506235,1039050
1978-12-31,14,543698,516835,1060533
1978-12-31,15,536679,511325,1048004
1978-12-31,16,518437,492970,1011407
1978-12-31,17,516187,490753,1006940
1978-12-31,18,503018,478417,981435
1978-12-31,19,491948,465179,957127
1978-12-31,20,471294,446606,917900
1978-12-31,21,464394,439717,904111
1978-12-31,22,453132,429377,882509
1978-12-31,23,437253,417376,854629
1978-12-31,24,437785,426007,863792
1978-12-31,25,422316,414748,837064
1978-12-31,26,431496,420867,852363
1978-12-31,27,425002,413272,838274
1978-12-31,28,445039,425462,870501
1978-12-31,29,450449,421595,872044
1978-12-31,30,429071,402138,831209
1978-12-31,31,402533,379957,782490
1978-12-31,32,370540,350966,721506
1978-12-31,33,320372,303196,623568
1978-12-31,34,416764,396343,813107
1978-12-31,35,429754,402581,832335
1978-12-31,36,424744,393181,817925
1978-12-31,37,507984,475964,983948
1978-12-31,38,550041,514578,1064619
1978-12-31,39,542800,508254,1051054
1978-12-31,40,512694,480458,993152
1978-12-31,41,482257,453121,935378
1978-12-31,42,476244,449404,925648
1978-12-31,43,464856,439823,904679
1978-12-31,44,439506,414046,853552
1978-12-31,45,361870,341225,703095
1978-12-31,46,362964,347487,710451
1978-12-31,47,372694,359084,731778
1978-12-31,48,399027,385907,784934
1978-12-31,49,390876,380297,771173
1978-12-31,50,397019,387588,784607
1978-12-31,51,359084,379061,738145
1978-12-31,52,337990,395630,733620
1978-12-31,53,326905,413348,740253
1978-12-31,54,288793,405776,694569
1978-12-31,55,284691,405516,690207
1978-12-31,56,301210,425338,726548
1978-12-31,57,310120,447920,758040
1978-12-31,58,302029,449340,751369
1978-12-31,59,232501,343744,576245
1978-12-31,60,155167,230543,385710
1978-12-31,61,149760,221621,371381
1978-12-31,62,162954,244499,407453
1978-12-31,63,208851,320975,529826
1978-12-31,64,260804,408013,668817
1978-12-31,65,266580,410118,676698
1978-12-31,66,268712,412811,681523
1978-12-31,67,250591,389849,640440
1978-12-31,68,246462,395276,641738
1978-12-31,69,245495,392949,638444
1978-12-31,70,232919,380914,613833
1978-12-31,71,224193,361428,585621
1978-12-31,72,208725,346043,554768
1978-12-31,73,202133,320929,523062
1978-12-31,74,188519,307335,495854
1978-12-31,75,167704,281669,449373
1978-12-31,76,153791,270605,424396
1978-12-31,77,136943,247939,384882
1978-12-31,78,118207,222701,340908
1978-12-31,79,98743,199968,298711
1978-12-31,80,82959,182667,265626
1978-12-31,81,67397,157245,224642
1978-12-31,82,56606,140825,197431
1978-12-31,83,45894,118063,163957
1978-12-31,84,37609,100128,137737
1978-12-31,85,141217,361153,502370
1979-12-31,0,296048,282507,578555
1979-12-31,1,293824,278756,572580
1979-12-31,2,296265,280732,576997
1979-12-31,3,303881,290566,594447
1979-12-31,4,299697,285776,585473
1979-12-31,5,309538,298156,607694
1979-12-31,6,315989,304078,620067
1979-12-31,7,349618,335641,685259
1979-12-31,8,393322,375235,768557
1979-12-31,9,410336,392210,802546
1979-12-31,10,462629,440814,903443
1979-12-31,11,498249,473211,971460
1979-12-31,12,516342,492176,1008518
1979-12-31,13,533650,507892,1041542
1979-12-31,14,537462,508808,1046270
1979-12-31,15,549983,519727,1069710
1979-12-31,16,543330,514072,1057402
1979-12-31,17,525705,496188,1021893
1979-12-31,18,522524,494506,1017030
1979-12-31,19,508969,482570,991539
1979-12-31,20,496781,469009,965790
1979-12-31,21,477809,449459,927268
1979-12-31,22,472932,442079,915011
1979-12-31,23,462001,432108,894109
1979-12-31,24,444427,419597,864024
1979-12-31,25,443817,427470,871287
1979-12-31,26,427237,415899,843136
1979-12-31,27,435767,421652,857419
1979-12-31,28,427919,413666,841585
1979-12-31,29,448009,425970,873979
1979-12-31,30,452380,422138,874518
1979-12-31,31,429985,402493,832478
1979-12-31,32,402878,380184,783062
1979-12-31,33,370503,351257,721760
1979-12-31,34,320445,303710,624155
1979-12-31,35,416783,396869,813652
1979-12-31,36,429357,403012,832369
1979-12-31,37,424235,393735,817970
1979-12-31,38,507331,476421,983752
1979-12-31,39,548925,514908,1063833
1979-12-31,40,541907,508572,1050479
1979-12-31,41,511559,480684,992243
1979-12-31,42,481101,453312,934413
1979-12-31,43,474865,449380,924245
1979-12-31,44,463456,439587,903043
1979-12-31,45,437776,413710,851486
1979-12-31,46,360340,340950,701290
1979-12-31,47,361284,347097,708381
1979-12-31,48,370714,358557,729271
1979-12-31,49,396685,385209,781894
1979-12-31,50,388245,379438,767683
1979-12-31,51,394090,386419,780509
1979-12-31,52,356249,377869,734118
1979-12-31,53,334964,394250,729214
1979-12-31,54,323819,411637,735456
1979-12-31,55,285805,404065,689870
1979-12-31,56,281267,403547,684814
1979-12-31,57,297274,423011,720285
1979-12-31,58,305745,445224,750969
1979-12-31,59,297331,446244,743575
1979-12-31,60,228570,341308,569878
1979-12-31,61,152226,228906,381132
1979-12-31,62,146580,219867,366447
1979-12-31,63,159251,242366,401617
1979-12-31,64,203746,317786,521532
1979-12-31,65,253919,403188,657107
1979-12-31,66,258973,404785,663758
1979-12-31,67,260152,406863,667015
1979-12-31,68,241687,383203,624890
1979-12-31,69,236667,387850,624517
1979-12-31,70,234546,384442,618988
1979-12-31,71,221325,371596,592921
1979-12-31,72,211985,351224,563209
1979-12-31,73,196218,335274,531492
1979-12-31,74,188969,309254,498223
1979-12-31,75,175075,294671,469746
1979-12-31,76,154339,268574,422913
1979-12-31,77,140528,256508,397036
1979-12-31,78,124117,233483,357600
1979-12-31,79,106013,208082,314095
1979-12-31,80,87751,185164,272915
1979-12-31,81,73058,167510,240568
1979-12-31,82,58519,142279,200798
1979-12-31,83,48548,126269,174817
1979-12-31,84,39003,104476,143479
1979-12-31,85,143947,383325,527272
1980-12-31,0,316374,300778,617152
1980-12-31,1,297062,283486,580548
1980-12-31,2,295455,280318,575773
1980-12-31,3,298327,282534,580861
1980-12-31,4,306136,292308,598444
1980-12-31,5,301894,287403,589297
1980-12-31,6,309849,298560,608409
1980-12-31,7,316774,304841,621615
1980-12-31,8,352831,338087,690918
1980-12-31,9,397136,377903,775039
1980-12-31,10,414380,395107,809487
1980-12-31,11,467660,444399,912059
1980-12-31,12,502740,476087,978827
1980-12-31,13,519903,494598,1014501
1980-12-31,14,539099,510976,1050075
1980-12-31,15,545169,512524,1057693
1980-12-31,16,558981,524012,1082993
1980-12-31,17,553448,518423,1071871
1980-12-31,18,534180,500989,1035169
1980-12-31,19,528466,499150,1027616
1980-12-31,20,515928,487794,1003722
1980-12-31,21,504307,472787,977094
1980-12-31,22,488137,452658,940795
1980-12-31,23,481974,445057,927031
1980-12-31,24,471540,434876,906416
1980-12-31,25,452450,422260,874710
1980-12-31,26,450480,429512,879992
1980-12-31,27,432737,417376,850113
1980-12-31,28,440581,422928,863509
1980-12-31,29,431364,414463,845827
1980-12-31,30,451435,427023,878458
1980-12-31,31,454638,422910,877548
1980-12-31,32,431493,403109,834602
1980-12-31,33,403830,380693,784523
1980-12-31,34,370907,351807,722714
1980-12-31,35,320978,304492,625470
1980-12-31,36,416971,397579,814550
1980-12-31,37,429330,403800,833130
1980-12-31,38,424079,394531,818610
1980-12-31,39,506960,477030,983990
1980-12-31,40,548271,515466,1063737
1980-12-31,41,541072,509084,1050156
1980-12-31,42,510598,481054,991652
1980-12-31,43,479929,453528,933457
1980-12-31,44,473572,449429,923001
1980-12-31,45,462056,439467,901523
1980-12-31,46,436343,413478,849821
1980-12-31,47,358871,340762,699633
1980-12-31,48,359493,346720,706213
1980-12-31,49,368677,358020,726697
1980-12-31,50,394136,384638,778774
1980-12-31,51,385602,378562,764164
1980-12-31,52,391007,385398,776405
1980-12-31,53,353140,376620,729760
1980-12-31,54,331824,392765,724589
1980-12-31,55,320463,409964,730427
1980-12-31,56,282521,402159,684680
1980-12-31,57,277635,401479,679114
1980-12-31,58,293106,420589,713695
1980-12-31,59,300878,442419,743297
1980-12-31,60,292180,443269,735449
1980-12-31,61,224278,338971,563249
1980-12-31,62,148986,227065,376051
1980-12-31,63,143333,218051,361384
1980-12-31,64,155334,240001,395335
1980-12-31,65,198440,314252,512692
1980-12-31,66,246763,398317,645080
1980-12-31,67,250671,399103,649774
1980-12-31,68,250950,400387,651337
1980-12-31,69,232253,376322,608575
1980-12-31,70,226413,379664,606077
1980-12-31,71,223187,375168,598355
1980-12-31,72,209354,361516,570870
1980-12-31,73,199592,340441,540033
1980-12-31,74,183214,323550,506764
1980-12-31,75,175355,297108,472463
1980-12-31,76,161337,281303,442640
1980-12-31,77,141293,254555,395848
1980-12-31,78,127496,241771,369267
1980-12-31,79,111428,218508,329936
1980-12-31,80,94101,193098,287199
1980-12-31,81,77111,170080,247191
1980-12-31,82,63747,152399,216146
1980-12-31,83,50401,127583,177984
1980-12-31,84,41271,111773,153044
1980-12-31,85,147368,405888,553256
1981-12-31,0,318486,302545,621031
1981-12-31,1,316072,300884,616956
1981-12-31,2,297460,284078,581538
1981-12-31,3,296418,281235,577653
1981-12-31,4,299230,283535,582765
1981-12-31,5,306810,293156,599966
1981-12-31,6,300687,286934,587621
1981-12-31,7,309068,298020,607088
1981-12-31,8,317950,305927,623877
1981-12-31,9,354530,339547,694077
1981-12-31,10,398906,379487,778393
1981-12-31,11,417102,397142,814244
1981-12-31,12,470226,446261,916487
1981-12-31,13,505250,477757,983007
1981-12-31,14,523002,496272,1019274
1981-12-31,15,544890,513804,1058694
1981-12-31,16,549256,514707,1063963
1981-12-31,17,562708,526276,1088984
1981-12-31,18,556395,521510,1077905
1981-12-31,19,535434,504294,1039728
1981-12-31,20,530665,502733,1033398
1981-12-31,21,519339,490522,1009861
1981-12-31,22,508211,475096,983307
1981-12-31,23,491158,455088,946246
1981-12-31,24,484292,447211,931503
1981-12-31,25,473717,436957,910674
1981-12-31,26,454027,424031,878058
1981-12-31,27,451869,431183,883052
1981-12-31,28,433753,418383,852136
1981-12-31,29,441281,423916,865197
1981-12-31,30,432003,415105,847108
1981-12-31,31,451459,427443,878902
1981-12-31,32,454131,423295,877426
1981-12-31,33,430838,403438,834276
1981-12-31,34,403028,381035,784063
1981-12-31,35,370023,351967,721990
1981-12-31,36,319969,304790,624759
1981-12-31,37,415890,397984,813874
1981-12-31,38,428144,404098,832242
1981-12-31,39,422682,394764,817446
1981-12-31,40,505586,477378,982964
1981-12-31,41,546561,515768,1062329
1981-12-31,42,539117,509208,1048325
1981-12-31,43,508752,481147,989899
1981-12-31,44,477960,453455,931415
1981-12-31,45,471593,449237,920830
1981-12-31,46,459935,439142,899077
1981-12-31,47,433988,413051,847039
1981-12-31,48,356610,340393,697003
1981-12-31,49,357222,346188,703410
1981-12-31,50,366154,357290,723444
1981-12-31,51,391196,383749,774945
1981-12-31,52,382426,377492,759918
1981-12-31,53,387469,384177,771646
1981-12-31,54,349700,375291,724991
1981-12-31,55,328274,391010,719284
1981-12-31,56,316783,408161,724944
1981-12-31,57,278842,400009,678851
1981-12-31,58,273654,399182,672836
1981-12-31,59,288517,417927,706444
1981-12-31,60,295651,439548,735199
1981-12-31,61,286641,440016,726657
1981-12-31,62,219743,336296,556039
1981-12-31,63,145534,224928,370462
1981-12-31,64,139838,215806,355644
1981-12-31,65,151027,237354,388381
1981-12-31,66,192567,310261,502828
1981-12-31,67,239118,392843,631961
1981-12-31,68,241966,392745,634711
1981-12-31,69,241379,393249,634628
1981-12-31,70,222569,368644,591213
1981-12-31,71,215473,370846,586319
1981-12-31,72,211289,365013,576302
1981-12-31,73,197025,350473,547498
1981-12-31,74,186819,328643,515462
1981-12-31,75,170122,310674,480796
1981-12-31,76,161624,283616,445240
1981-12-31,77,147619,266842,414461
1981-12-31,78,128058,239974,368032
1981-12-31,79,114474,226044,340518
1981-12-31,80,99190,202645,301835
1981-12-31,81,82772,177516,260288
1981-12-31,82,66847,154439,221286
1981-12-31,83,54840,137224,192064
1981-12-31,84,42652,112965,155617
1981-12-31,85,151321,429564,580885
1982-12-31,0,316552,300079,616631
1982-12-31,1,316659,301272,617931
1982-12-31,2,314700,299777,614477
1982-12-31,3,296461,283314,579775
1982-12-31,4,295453,280703,576156
1982-12-31,5,298102,282841,580943
1982-12-31,6,303725,290991,594716
1982-12-31,7,297589,284591,582180
1982-12-31,8,307945,297304,605249
1982-12-31,9,317322,305628,622950
1982-12-31,10,354063,339324,693387
1982-12-31,11,398800,379646,778446
1982-12-31,12,417063,397240,814303
1982-12-31,13,470365,446223,916588
1982-12-31,14,505339,477927,983266
1982-12-31,15,523279,496508,1019787
1982-12-31,16,543953,513427,1057380
1982-12-31,17,548608,514827,1063435
1982-12-31,18,562308,526957,1089265
1982-12-31,19,555289,522644,1077933
1982-12-31,20,535027,505251,1040278
1982-12-31,21,530124,502633,1032757
1982-12-31,22,518182,490488,1008670
1982-12-31,23,506579,474967,981546
1982-12-31,24,489106,454906,944012
1982-12-31,25,481690,447057,928747
1982-12-31,26,470084,436594,906678
1982-12-31,27,450634,423403,874037
1982-12-31,28,448289,430445,878734
1982-12-31,29,430253,417624,847877
1982-12-31,30,437859,423013,860872
1982-12-31,31,428885,414187,843072
1982-12-31,32,447995,426157,874152
1982-12-31,33,450445,422245,872690
1982-12-31,34,427302,402247,829549
1982-12-31,35,399733,379931,779664
1982-12-31,36,366984,351070,718054
1982-12-31,37,317152,304069,621221
1982-12-31,38,412998,397199,810197
1982-12-31,39,425496,403302,828798
1982-12-31,40,419750,394090,813840
1982-12-31,41,502515,476622,979137
1982-12-31,42,543174,514867,1058041
1982-12-31,43,535621,508305,1043926
1982-12-31,44,505395,480302,985697
1982-12-31,45,474914,452611,927525
1982-12-31,46,468308,448283,916591
1982-12-31,47,456643,438050,894693
1982-12-31,48,430520,411971,842491
1982-12-31,49,353497,339326,692823
1982-12-31,50,353864,345163,699027
1982-12-31,51,362617,356109,718726
1982-12-31,52,387421,382423,769844
1982-12-31,53,378460,376039,754499
1982-12-31,54,383228,382441,765669
1982-12-31,55,345527,373613,719140
1982-12-31,56,324128,389036,713164
1982-12-31,57,312548,405923,718471
1982-12-31,58,274876,397735,672611
1982-12-31,59,269292,396642,665934
1982-12-31,60,283469,415130,698599
1982-12-31,61,290140,436298,726438
1982-12-31,62,280679,436273,716952
1982-12-31,63,214775,333305,548080
1982-12-31,64,141966,222557,364523
1982-12-31,65,135994,213246,349240
1982-12-31,66,146784,234247,381031
1982-12-31,67,186606,305849,492455
1982-12-31,68,231150,386717,617867
1982-12-31,69,232942,385910,618852
1982-12-31,70,231324,385456,616780
1982-12-31,71,212309,360238,572547
1982-12-31,72,204365,361360,565725
1982-12-31,73,199151,354282,553433
1982-12-31,74,184476,338401,522877
1982-12-31,75,173843,315967,489810
1982-12-31,76,157174,296877,454051
1982-12-31,77,147918,269623,417541
1982-12-31,78,134432,251997,386429
1982-12-31,79,115351,224842,340193
1982-12-31,80,102046,210020,312066
1982-12-31,81,87451,186673,274124
1982-12-31,82,72062,161734,233796
1982-12-31,83,57604,138961,196565
1982-12-31,84,46705,122089,168794
1982-12-31,85,156449,452632,609081
1983-12-31,0,302822,287393,590215
1983-12-31,1,314498,298531,613029
1983-12-31,2,314906,299904,614810
1983-12-31,3,313137,298520,611657
1983-12-31,4,295178,282240,577418
1983-12-31,5,293943,279397,573340
1983-12-31,6,294537,280265,574802
1983-12-31,7,299827,288239,588066
1983-12-31,8,295464,283228,578692
1983-12-31,9,306153,296204,602357
1983-12-31,10,315661,304569,620230
1983-12-31,11,352564,338381,690945
1983-12-31,12,397333,378759,776092
1983-12-31,13,415678,396314,811992
1983-12-31,14,468926,445326,914252
1983-12-31,15,504463,477253,981716
1983-12-31,16,522080,495469,1017549
1983-12-31,17,542888,512555,1055443
1983-12-31,18,547852,514895,1062747
1983-12-31,19,560750,527231,1087981
1983-12-31,20,554767,523150,1077917
1983-12-31,21,534460,504883,1039343
1983-12-31,22,529406,502192,1031598
1983-12-31,23,516678,489802,1006480
1983-12-31,24,504877,474373,979250
1983-12-31,25,486717,454285,941002
1983-12-31,26,479005,446300,925305
1983-12-31,27,466635,435683,902318
1983-12-31,28,447407,422430,869837
1983-12-31,29,445093,429406,874499
1983-12-31,30,427357,416519,843876
1983-12-31,31,434658,421712,856370
1983-12-31,32,426323,412998,839321
1983-12-31,33,444964,424775,869739
1983-12-31,34,447494,420691,868185
1983-12-31,35,424131,400710,824841
1983-12-31,36,396749,378499,775248
1983-12-31,37,364125,349734,713859
1983-12-31,38,314599,302870,617469
1983-12-31,39,410403,396003,806406
1983-12-31,40,423065,402179,825244
1983-12-31,41,416914,393026,809940
1983-12-31,42,499593,475546,975139
1983-12-31,43,539479,513593,1053072
1983-12-31,44,532133,507043,1039176
1983-12-31,45,501820,478930,980750
1983-12-31,46,471525,451394,922919
1983-12-31,47,464751,446978,911729
1983-12-31,48,453191,436711,889902
1983-12-31,49,426904,410593,837497
1983-12-31,50,349933,337975,687908
1983-12-31,51,350483,343771,694254
1983-12-31,52,358959,354688,713647
1983-12-31,53,383308,380807,764115
1983-12-31,54,374238,374202,748440
1983-12-31,55,378691,380577,759268
1983-12-31,56,341180,371572,712752
1983-12-31,57,319721,386818,706539
1983-12-31,58,307995,403396,711391
1983-12-31,59,270678,395092,665770
1983-12-31,60,264406,393617,658023
1983-12-31,61,278049,411954,690003
1983-12-31,62,284080,432612,716692
1983-12-31,63,274280,432081,706361
1983-12-31,64,209501,329738,539239
1983-12-31,65,138034,219837,357871
1983-12-31,66,132098,210469,342567
1983-12-31,67,142184,230816,373000
1983-12-31,68,180399,300963,481362
1983-12-31,69,222525,379867,602392
1983-12-31,70,223252,378066,601318
1983-12-31,71,220810,376732,597542
1983-12-31,72,201638,350812,552450
1983-12-31,73,193101,350829,543930
1983-12-31,74,186791,342565,529356
1983-12-31,75,171754,325502,497256
1983-12-31,76,160631,302494,463125
1983-12-31,77,144086,282320,426406
1983-12-31,78,134558,254967,389525
1983-12-31,79,121140,236390,357530
1983-12-31,80,103080,208945,312025
1983-12-31,81,89809,193468,283277
1983-12-31,82,76086,170234,246320
1983-12-31,83,62010,145947,207957
1983-12-31,84,48820,123539,172359
1983-12-31,85,163597,479538,643135
1984-12-31,0,297849,282494,580343
1984-12-31,1,301066,285984,587050
1984-12-31,2,312639,296978,609617
1984-12-31,3,312792,298330,611122
1984-12-31,4,311107,296842,607949
1984-12-31,5,292923,280431,573354
1984-12-31,6,289813,276401,566214
1984-12-31,7,290506,277168,567674
1984-12-31,8,297174,286182,583356
1984-12-31,9,292657,281085,573742
1984-12-31,10,303585,294261,597846
1984-12-31,11,313174,302576,615750
1984-12-31,12,350130,336568,686698
1984-12-31,13,395251,377010,772261
1984-12-31,14,413781,394607,808388
1984-12-31,15,467437,443808,911245
1984-12-31,16,502877,475594,978471
1984-12-31,17,521263,494604,1015867
1984-12-31,18,542904,512554,1055458
1984-12-31,19,547680,515549,1063229
1984-12-31,20,561754,528396,1090150
1984-12-31,21,556094,523819,1079913
1984-12-31,22,535648,505338,1040986
1984-12-31,23,530783,502918,1033701
1984-12-31,24,517624,490333,1007957
1984-12-31,25,505776,474737,980513
1984-12-31,26,487177,454508,941685
1984-12-31,27,478919,446070,924989
1984-12-31,28,466069,435268,901337
1984-12-31,29,446815,421604,868419
1984-12-31,30,444339,428253,872592
1984-12-31,31,426620,415006,841626
1984-12-31,32,433770,419807,853577
1984-12-31,33,425319,411030,836349
1984-12-31,34,442886,421920,864806
1984-12-31,35,444733,417869,862602
1984-12-31,36,420600,397463,818063
1984-12-31,37,392595,375557,768152
1984-12-31,38,359806,347188,706994
1984-12-31,39,309713,300321,610034
1984-12-31,40,405798,394009,799807
1984-12-31,41,418405,400107,818512
1984-12-31,42,411418,390941,802359
1984-12-31,43,494139,473687,967826
1984-12-31,44,533068,511345,1044413
1984-12-31,45,525882,505045,1030927
1984-12-31,46,495636,476941,972577
1984-12-31,47,465859,449561,915420
1984-12-31,48,459260,445023,904283
1984-12-31,49,448254,434971,883225
1984-12-31,50,421237,408769,830006
1984-12-31,51,344546,336246,680792
1984-12-31,52,345962,342148,688110
1984-12-31,53,354630,352969,707599
1984-12-31,54,378417,378985,757402
1984-12-31,55,369583,372382,741965
1984-12-31,56,373802,378504,752306
1984-12-31,57,336447,369469,705916
1984-12-31,58,315106,384469,699575
1984-12-31,59,303250,400898,704148
1984-12-31,60,265957,392204,658161
1984-12-31,61,259313,390729,650042
1984-12-31,62,272349,408641,680990
1984-12-31,63,277692,428744,706436
1984-12-31,64,267739,427837,695576
1984-12-31,65,204017,326057,530074
1984-12-31,66,134137,217087,351224
1984-12-31,67,128087,207545,335632
1984-12-31,68,137407,227394,364801
1984-12-31,69,173792,295772,469564
1984-12-31,70,213899,372682,586581
1984-12-31,71,213437,370035,583472
1984-12-31,72,209891,367654,577545
1984-12-31,73,190943,341357,532300
1984-12-31,74,181596,339605,521201
1984-12-31,75,174490,330273,504763
1984-12-31,76,159200,312299,471499
1984-12-31,77,147840,288664,436504
1984-12-31,78,131390,267711,399101
1984-12-31,79,121758,240011,361769
1984-12-31,80,108561,220812,329373
1984-12-31,81,91541,193423,284964
1984-12-31,82,78662,177236,255898
1984-12-31,83,65988,154133,220121
1984-12-31,84,53102,131035,184137
1984-12-31,85,172586,507695,680281
1985-12-31,0,298879,285425,584304
1985-12-31,1,298478,283114,581592
1985-12-31,2,301731,286607,588338
1985-12-31,3,313203,297524,610727
1985-12-31,4,313400,298869,612269
1985-12-31,5,311489,297347,608836
1985-12-31,6,291974,279768,571742
1985-12-31,7,288887,275881,564768
1985-12-31,8,290760,277579,568339
1985-12-31,9,297476,286589,584065
1985-12-31,10,293002,281472,574474
1985-12-31,11,304013,294794,598807
1985-12-31,12,313644,303083,616727
1985-12-31,13,350744,336921,687665
1985-12-31,14,396209,377574,773783
1985-12-31,15,415405,395457,810862
1985-12-31,16,468505,444393,912898
1985-12-31,17,503614,476255,979869
1985-12-31,18,522873,496191,1019064
1985-12-31,19,544315,514629,1058944
1985-12-31,20,550519,518382,1068901
1985-12-31,21,565242,530371,1095613
1985-12-31,22,559412,525909,1085321
1985-12-31,23,539297,507422,1046719
1985-12-31,24,534093,504745,1038838
1985-12-31,25,520814,491881,1012695
1985-12-31,26,508160,476149,984309
1985-12-31,27,489143,455564,944707
1985-12-31,28,480649,447123,927772
1985-12-31,29,467157,436166,903323
1985-12-31,30,447721,422311,870032
1985-12-31,31,444883,428671,873554
1985-12-31,32,427130,415396,842526
1985-12-31,33,433926,419879,853805
1985-12-31,34,425163,411122,836285
1985-12-31,35,442586,421946,864532
1985-12-31,36,444116,417513,861629
1985-12-31,37,419703,397046,816749
1985-12-31,38,391549,375297,766846
1985-12-31,39,358715,346794,705509
1985-12-31,40,308797,299934,608731
1985-12-31,41,404641,393653,798294
1985-12-31,42,417037,399708,816745
1985-12-31,43,409865,390561,800426
1985-12-31,44,492269,473129,965398
1985-12-31,45,530595,510690,1041285
1985-12-31,46,523162,504231,1027393
1985-12-31,47,492800,476055,968855
1985-12-31,48,462935,448718,911653
1985-12-31,49,456351,443957,900308
1985-12-31,50,445151,433785,878936
1985-12-31,51,417817,407485,825302
1985-12-31,52,341328,335135,676463
1985-12-31,53,342726,340912,683638
1985-12-31,54,351031,351585,702616
1985-12-31,55,374203,377390,751593
1985-12-31,56,365084,370750,735834
1985-12-31,57,368940,376618,745558
1985-12-31,58,331723,367355,699078
1985-12-31,59,310290,381927,692217
1985-12-31,60,298106,398135,696241
1985-12-31,61,260913,389249,650162
1985-12-31,62,254005,387770,641775
1985-12-31,63,266621,405194,671815
1985-12-31,64,271093,424624,695717
1985-12-31,65,260757,423173,683930
1985-12-31,66,198323,322147,520470
1985-12-31,67,129928,214007,343935
1985-12-31,68,123945,204443,328388
1985-12-31,69,132512,223508,356020
1985-12-31,70,167080,290152,457232
1985-12-31,71,204662,364939,569601
1985-12-31,72,203221,361237,564458
1985-12-31,73,198875,357748,556623
1985-12-31,74,179893,331017,510910
1985-12-31,75,169589,327620,497209
1985-12-31,76,161821,317257,479078
1985-12-31,77,146558,298217,444775
1985-12-31,78,134993,273974,408967
1985-12-31,79,118634,252134,370768
1985-12-31,80,109076,224210,333286
1985-12-31,81,96226,204619,300845
1985-12-31,82,80276,177036,257312
1985-12-31,83,68107,160690,228797
1985-12-31,84,56385,138229,194614
1985-12-31,85,183093,536392,719485
1986-12-31,0,320406,304715,625121
1986-12-31,1,300769,287191,587960
1986-12-31,2,300354,284917,585271
1986-12-31,3,303465,288236,591701
1986-12-31,4,315017,299103,614120
1986-12-31,5,314838,300429,615267
1986-12-31,6,311724,297871,609595
1986-12-31,7,292351,280328,572679
1986-12-31,8,290386,277333,567719
1986-12-31,9,292324,278905,571229
1986-12-31,10,298971,287903,586874
1986-12-31,11,294624,282996,577620
1986-12-31,12,305615,296049,601664
1986-12-31,13,315406,304327,619733
1986-12-31,14,353068,338195,691263
1986-12-31,15,399393,379234,778627
1986-12-31,16,417597,397142,814739
1986-12-31,17,470109,445913,916022
1986-12-31,18,506050,478865,984915
1986-12-31,19,524974,499682,1024656
1986-12-31,20,547952,518913,1066865
1986-12-31,21,554747,521793,1076540
1986-12-31,22,570180,534109,1104289
1986-12-31,23,564951,529078,1094029
1986-12-31,24,544805,510362,1055167
1986-12-31,25,538986,507506,1046492
1986-12-31,26,525705,494461,1020166
1986-12-31,27,511914,478281,990195
1986-12-31,28,492807,457497,950304
1986-12-31,29,483558,448934,932492
1986-12-31,30,469593,437890,907483
1986-12-31,31,449784,423694,873478
1986-12-31,32,446538,429941,876479
1986-12-31,33,428486,416376,844862
1986-12-31,34,435081,420806,855887
1986-12-31,35,426017,411857,837874
1986-12-31,36,442872,422552,865424
1986-12-31,37,444247,417916,862163
1986-12-31,38,419561,397359,816920
1986-12-31,39,391117,375574,766691
1986-12-31,40,358143,346937,705080
1986-12-31,41,308369,300046,608415
1986-12-31,42,404020,393791,797811
1986-12-31,43,416057,399620,815677
1986-12-31,44,408721,390452,799173
1986-12-31,45,490820,472867,963687
1986-12-31,46,528485,510316,1038801
1986-12-31,47,520719,503581,1024300
1986-12-31,48,490408,475400,965808
1986-12-31,49,460456,447991,908447
1986-12-31,50,453484,443193,896677
1986-12-31,51,442197,432936,875133
1986-12-31,52,414595,406415,821010
1986-12-31,53,338414,334203,672617
1986-12-31,54,339634,339837,679471
1986-12-31,55,347494,350313,697807
1986-12-31,56,370096,375725,745821
1986-12-31,57,360625,369163,729788
1986-12-31,58,363969,374647,738616
1986-12-31,59,326884,365329,692213
1986-12-31,60,305207,379482,684689
1986-12-31,61,292865,395369,688234
1986-12-31,62,255829,386444,642273
1986-12-31,63,248668,384498,633166
1986-12-31,64,260625,401455,662080
1986-12-31,65,264466,420195,684661
1986-12-31,66,253881,418013,671894
1986-12-31,67,192773,317987,510760
1986-12-31,68,125724,210756,336480
1986-12-31,69,119730,200989,320719
1986-12-31,70,127503,219212,346715
1986-12-31,71,160001,284036,444037
1986-12-31,72,195254,356328,551582
1986-12-31,73,192647,351682,544329
1986-12-31,74,187387,346993,534380
1986-12-31,75,168639,320033,488672
1986-12-31,76,157915,315043,472958
1986-12-31,77,149276,303296,452572
1986-12-31,78,133988,283251,417239
1986-12-31,79,122409,258517,380926
1986-12-31,80,106505,236094,342599
1986-12-31,81,97002,207934,304936
1986-12-31,82,84534,187822,272356
1986-12-31,83,69573,160924,230497
1986-12-31,84,58172,144350,202522
1986-12-31,85,194876,567382,762258
1987-12-31,0,327925,309008,636933
1987-12-31,1,319472,303689,623161
1987-12-31,2,300608,286395,587003
1987-12-31,3,300155,284002,584157
1987-12-31,4,303204,287792,590996
1987-12-31,5,314086,297380,611466
1987-12-31,6,313366,297798,611164
1987-12-31,7,312106,296875,608981
1987-12-31,8,293116,278955,572071
1987-12-31,9,290828,275339,566167
1987-12-31,10,292633,277199,569832
1987-12-31,11,301145,286043,587188
1987-12-31,12,296452,280568,577020
1987-12-31,13,306947,291838,598785
1987-12-31,14,315696,300176,615872
1987-12-31,15,356023,337153,693176
1987-12-31,16,398444,377511,775955
1987-12-31,17,422327,401668,823995
1987-12-31,18,473430,450239,923669
1987-12-31,19,505935,483514,989449
1987-12-31,20,526358,504520,1030878
1987-12-31,21,544313,520039,1064352
1987-12-31,22,548385,520061,1068446
1987-12-31,23,562521,531481,1094002
1987-12-31,24,557278,526207,1083485
1987-12-31,25,537447,509818,1047265
1987-12-31,26,529105,505715,1034820
1987-12-31,27,515401,492164,1007565
1987-12-31,28,501676,476448,978124
1987-12-31,29,481872,456020,937892
1987-12-31,30,474592,449310,923902
1987-12-31,31,460616,438249,898865
1987-12-31,32,440445,423325,863770
1987-12-31,33,434123,422984,857107
1987-12-31,34,420364,414365,834729
1987-12-31,35,427577,420586,848163
1987-12-31,36,421787,414483,836270
1987-12-31,37,438730,427744,866474
1987-12-31,38,442917,425135,868052
1987-12-31,39,423480,402636,826116
1987-12-31,40,400945,381039,781984
1987-12-31,41,368989,350050,719039
1987-12-31,42,315066,300632,615698
1987-12-31,43,415440,394944,810384
1987-12-31,44,426280,400773,827053
1987-12-31,45,418486,391313,809799
1987-12-31,46,502808,474057,976865
1987-12-31,47,537959,508669,1046628
1987-12-31,48,530365,502935,1033300
1987-12-31,49,499494,475317,974811
1987-12-31,50,469819,448046,917865
1987-12-31,51,460194,442524,902718
1987-12-31,52,446494,431030,877524
1987-12-31,53,420167,405784,825951
1987-12-31,54,343124,333447,676571
1987-12-31,55,341133,337826,678959
1987-12-31,56,348975,348553,697528
1987-12-31,57,370324,372721,743045
1987-12-31,58,361537,367060,728597
1987-12-31,59,363869,372850,736719
1987-12-31,60,327004,364132,691136
1987-12-31,61,305086,378048,683134
1987-12-31,62,290746,392110,682856
1987-12-31,63,254067,384176,638243
1987-12-31,64,246741,381872,628613
1987-12-31,65,258308,398470,656778
1987-12-31,66,260967,417510,678477
1987-12-31,67,248866,412115,660981
1987-12-31,68,187534,311521,499055
1987-12-31,69,121641,205802,327443
1987-12-31,70,116114,196508,312622
1987-12-31,71,122983,213919,336902
1987-12-31,72,153772,276156,429928
1987-12-31,73,187666,347468,535134
1987-12-31,74,184428,341432,525860
1987-12-31,75,177641,334703,512344
1987-12-31,76,158330,306854,465184
1987-12-31,77,147533,300545,448078
1987-12-31,78,138651,287651,426302
1987-12-31,79,124168,267593,391761
1987-12-31,80,112619,243539,356158
1987-12-31,81,97201,220631,317832
1987-12-31,82,86365,190672,277037
1987-12-31,83,74235,171803,246038
1987-12-31,84,60502,145937,206439
1987-12-31,85,201869,603520,805389
1988-12-31,0,348359,330045,678404
1988-12-31,1,332030,312940,644970
1988-12-31,2,324168,308203,632371
1988-12-31,3,305745,291265,597010
1988-12-31,4,305342,288880,594222
1988-12-31,5,308204,292555,600759
1988-12-31,6,317827,301048,618875
1988-12-31,7,317038,301448,618486
1988-12-31,8,316703,301240,617943
1988-12-31,9,297697,283084,580781
1988-12-31,10,295347,279311,574658
1988-12-31,11,297109,281119,578228
1988-12-31,12,305385,289745,595130
1988-12-31,13,300506,284127,584633
1988-12-31,14,311697,295358,607055
1988-12-31,15,321631,304335,625966
1988-12-31,16,360419,340911,701330
1988-12-31,17,401401,380983,782384
1988-12-31,18,426834,406832,833666
1988-12-31,19,477398,456719,934117
1988-12-31,20,510733,490788,1001521
1988-12-31,21,532258,511212,1043470
1988-12-31,22,551328,526903,1078231
1988-12-31,23,556416,527232,1083648
1988-12-31,24,570495,538434,1108929
1988-12-31,25,565591,532548,1098139
1988-12-31,26,545134,515962,1061096
1988-12-31,27,536316,511371,1047687
1988-12-31,28,522172,497698,1019870
1988-12-31,29,508218,481959,990177
1988-12-31,30,487614,461161,948775
1988-12-31,31,480251,454221,934472
1988-12-31,32,465763,442847,908610
1988-12-31,33,445699,427519,873218
1988-12-31,34,438447,426968,865415
1988-12-31,35,424681,417822,842503
1988-12-31,36,431403,423726,855129
1988-12-31,37,425102,417343,842445
1988-12-31,38,441555,430347,871902
1988-12-31,39,445014,427301,872315
1988-12-31,40,425099,404417,829516
1988-12-31,41,402035,382509,784544
1988-12-31,42,369608,351144,720752
1988-12-31,43,315670,301803,617473
1988-12-31,44,415706,396063,811769
1988-12-31,45,426386,401867,828253
1988-12-31,46,418428,392315,810743
1988-12-31,47,502234,474797,977031
1988-12-31,48,536855,509421,1046276
1988-12-31,49,529046,503414,1032460
1988-12-31,50,497951,475745,973696
1988-12-31,51,468146,448372,916518
1988-12-31,52,458362,442654,901016
1988-12-31,53,444143,430861,875004
1988-12-31,54,417595,405489,823084
1988-12-31,55,340698,333304,674002
1988-12-31,56,338691,337374,676065
1988-12-31,57,345996,348069,694065
1988-12-31,58,366574,371954,738528
1988-12-31,59,357325,366017,723342
1988-12-31,60,358818,371406,730224
1988-12-31,61,322196,362686,684882
1988-12-31,62,300106,376139,676245
1988-12-31,63,285617,389746,675363
1988-12-31,64,249112,381583,630695
1988-12-31,65,241296,378756,620052
1988-12-31,66,252188,394590,646778
1988-12-31,67,254088,412741,666829
1988-12-31,68,241583,406644,648227
1988-12-31,69,181536,307011,488547
1988-12-31,70,117248,202208,319456
1988-12-31,71,111528,192768,304296
1988-12-31,72,117677,209240,326917
1988-12-31,73,146465,269524,415989
1988-12-31,74,178175,337835,516010
1988-12-31,75,173872,331080,504952
1988-12-31,76,166259,322768,489027
1988-12-31,77,147126,294437,441563
1988-12-31,78,136019,286893,422912
1988-12-31,79,126728,272778,399506
1988-12-31,80,112532,251700,364232
1988-12-31,81,100900,227350,328250
1988-12-31,82,86224,204012,290236
1988-12-31,83,75577,174496,250073
1988-12-31,84,64217,155463,219680
1988-12-31,85,214450,637035,851485
1989-12-31,0,351593,335100,686693
1989-12-31,1,356675,338011,694686
1989-12-31,2,341026,321534,662560
1989-12-31,3,333679,317072,650751
1989-12-31,4,315178,300305,615483
1989-12-31,5,314846,298127,612973
1989-12-31,6,316986,300790,617776
1989-12-31,7,326498,309408,635906
1989-12-31,8,325719,309862,635581
1989-12-31,9,325406,309570,634976
1989-12-31,10,306124,291253,597377
1989-12-31,11,303534,287180,590714
1989-12-31,12,304979,288397,593376
1989-12-31,13,312651,296457,609108
1989-12-31,14,308001,290446,598447
1989-12-31,15,319917,302005,621922
1989-12-31,16,328709,310538,639247
1989-12-31,17,366151,347146,713297
1989-12-31,18,411418,390569,801987
1989-12-31,19,438660,419448,858108
1989-12-31,20,490845,471117,961962
1989-12-31,21,526070,504810,1030880
1989-12-31,22,549836,524844,1074680
1989-12-31,23,569979,540866,1110845
1989-12-31,24,575277,540818,1116095
1989-12-31,25,588472,551652,1140124
1989-12-31,26,582087,545446,1127533
1989-12-31,27,561085,528212,1089297
1989-12-31,28,551166,522788,1073954
1989-12-31,29,536465,508663,1045128
1989-12-31,30,521779,492524,1014303
1989-12-31,31,499836,470777,970613
1989-12-31,32,491986,463635,955621
1989-12-31,33,477180,451611,928791
1989-12-31,34,456515,435897,892412
1989-12-31,35,448554,434729,883283
1989-12-31,36,433922,424772,858694
1989-12-31,37,439526,430514,870040
1989-12-31,38,432876,423626,856502
1989-12-31,39,448499,435914,884413
1989-12-31,40,450614,432152,882766
1989-12-31,41,429332,408200,837532
1989-12-31,42,405524,385741,791265
1989-12-31,43,371729,353478,725207
1989-12-31,44,317987,304243,622230
1989-12-31,45,418115,398907,817022
1989-12-31,46,428401,404741,833142
1989-12-31,47,420027,394833,814860
1989-12-31,48,503539,477287,980826
1989-12-31,49,537477,511576,1049053
1989-12-31,50,528905,505127,1034032
1989-12-31,51,497413,477123,974536
1989-12-31,52,467271,449747,917018
1989-12-31,53,457115,443471,900586
1989-12-31,54,442527,431563,874090
1989-12-31,55,415510,405882,821392
1989-12-31,56,338731,333653,672384
1989-12-31,57,336404,337552,673956
1989-12-31,58,343321,348020,691341
1989-12-31,59,363240,371660,734900
1989-12-31,60,353253,365509,718762
1989-12-31,61,354083,370609,724692
1989-12-31,62,317287,361643,678930
1989-12-31,63,295368,374534,669902
1989-12-31,64,280519,387705,668224
1989-12-31,65,244058,379017,623075
1989-12-31,66,235918,375652,611570
1989-12-31,67,245945,390557,636502
1989-12-31,68,246998,407869,654867
1989-12-31,69,234025,400902,634927
1989-12-31,70,175330,302197,477527
1989-12-31,71,112860,198520,311380
1989-12-31,72,106857,188664,295521
1989-12-31,73,112335,204487,316822
1989-12-31,74,139101,262378,401479
1989-12-31,75,168326,327951,496277
1989-12-31,76,163058,319672,482730
1989-12-31,77,154820,310394,465214
1989-12-31,78,135889,281514,417403
1989-12-31,79,124464,272255,396719
1989-12-31,80,114837,257010,371847
1989-12-31,81,100953,235114,336067
1989-12-31,82,89641,210747,300388
1989-12-31,83,75472,186779,262251
1989-12-31,84,65379,158133,223512
1989-12-31,85,226775,671396,898171
1990-12-31,0,467995,443447,911442
1990-12-31,1,457862,435989,893851
1990-12-31,2,471160,446623,917783
1990-12-31,3,459998,434488,894486
1990-12-31,4,450528,428481,879009
1990-12-31,5,434595,412824,847419
1990-12-31,6,432878,410544,843422
1990-12-31,7,436980,414837,851817
1990-12-31,8,449334,426083,875417
1990-12-31,9,446971,425893,872864
1990-12-31,10,450172,428728,878900
1990-12-31,11,426777,404984,831761
1990-12-31,12,421782,398991,820773
1990-12-31,13,418918,395871,814789
1990-12-31,14,412631,391139,803770
1990-12-31,15,403083,379773,782856
1990-12-31,16,412628,390297,802925
1990-12-31,17,421131,399296,820427
1990-12-31,18,471687,448096,919783
1990-12-31,19,534206,508895,1043101
1990-12-31,20,563748,539818,1103566
1990-12-31,21,619204,591646,1210850
1990-12-31,22,658539,626944,1285483
1990-12-31,23,685234,649887,1335121
1990-12-31,24,711904,671610,1383514
1990-12-31,25,723244,675768,1399012
1990-12-31,26,740522,691398,1431920
1990-12-31,27,737599,687795,1425394
1990-12-31,28,713520,669005,1382525
1990-12-31,29,702414,663612,1366026
1990-12-31,30,683290,644984,1328274
1990-12-31,31,665462,626804,1292266
1990-12-31,32,633694,595520,1229214
1990-12-31,33,624236,587428,1211664
1990-12-31,34,610818,576836,1187654
1990-12-31,35,592862,563103,1155965
1990-12-31,36,582960,561085,1144045
1990-12-31,37,566714,550554,1117268
1990-12-31,38,570730,554803,1125533
1990-12-31,39,562496,546320,1108816
1990-12-31,40,571412,553755,1125167
1990-12-31,41,558125,535258,1093383
1990-12-31,42,519174,495035,1014209
1990-12-31,43,492573,471217,963790
1990-12-31,44,436760,417171,853931
1990-12-31,45,389311,376997,766308
1990-12-31,46,522374,504152,1026526
1990-12-31,47,535617,512931,1048548
1990-12-31,48,523141,500404,1023545
1990-12-31,49,632570,609162,1241732
1990-12-31,50,670816,648310,1319126
1990-12-31,51,659947,640602,1300549
1990-12-31,52,618350,602029,1220379
1990-12-31,53,579811,566912,1146723
1990-12-31,54,567730,560447,1128177
1990-12-31,55,552333,548119,1100452
1990-12-31,56,518196,515508,1033704
1990-12-31,57,420452,422205,842657
1990-12-31,58,418272,426082,844354
1990-12-31,59,426315,439996,866311
1990-12-31,60,448000,470528,918528
1990-12-31,61,432872,462183,895055
1990-12-31,62,427771,465892,893663
1990-12-31,63,378806,450448,829254
1990-12-31,64,349577,464734,814311
1990-12-31,65,330252,477015,807267
1990-12-31,66,285904,461451,747355
1990-12-31,67,275302,457402,732704
1990-12-31,68,287300,476524,763824
1990-12-31,69,290081,500246,790327
1990-12-31,70,275282,494047,769329
1990-12-31,71,203275,365638,568913
1990-12-31,72,128327,235742,364069
1990-12-31,73,120451,223243,343694
1990-12-31,74,126282,242031,368313
1990-12-31,75,157581,314042,471623
1990-12-31,76,190672,391496,582168
1990-12-31,77,184460,382097,566557
1990-12-31,78,174056,368705,542761
1990-12-31,79,151229,331198,482427
1990-12-31,80,138137,318024,456161
1990-12-31,81,126355,297809,424164
1990-12-31,82,109632,268489,378121
1990-12-31,83,96388,238125,334513
1990-12-31,84,80159,208134,288293
1990-12-31,85,288041,841516,1129557
1991-12-31,0,427236,405513,832749
1991-12-31,1,470884,446327,917211
1991-12-31,2,463032,440693,903725
1991-12-31,3,476751,451804,928555
1991-12-31,4,465472,439707,905179
1991-12-31,5,455917,433476,889393
1991-12-31,6,439517,417510,857027
1991-12-31,7,437651,414900,852551
1991-12-31,8,441774,419272,861046
1991-12-31,9,454310,430745,885055
1991-12-31,10,451912,430507,882419
1991-12-31,11,455260,433433,888693
1991-12-31,12,431859,409470,841329
1991-12-31,13,426770,403434,830204
1991-12-31,14,424025,400631,824656
1991-12-31,15,418470,396369,814839
1991-12-31,16,408913,385030,793943
1991-12-31,17,417653,395610,813263
1991-12-31,18,427891,407000,834891
1991-12-31,19,479858,457259,937117
1991-12-31,20,544352,518926,1063278
1991-12-31,21,575137,548702,1123839
1991-12-31,22,632425,599649,1232074
1991-12-31,23,671492,634573,1306065
1991-12-31,24,696755,656846,1353601
1991-12-31,25,723010,677470,1400480
1991-12-31,26,734066,681492,1415558
1991-12-31,27,749523,696820,1446343
1991-12-31,28,746032,693387,1439419
1991-12-31,29,721471,673999,1395470
1991-12-31,30,710023,668550,1378573
1991-12-31,31,690956,649938,1340894
1991-12-31,32,671895,631052,1302947
1991-12-31,33,639900,599700,1239600
1991-12-31,34,629943,591112,1221055
1991-12-31,35,616057,580358,1196415
1991-12-31,36,597899,566469,1164368
1991-12-31,37,587267,564102,1151369
1991-12-31,38,570583,553144,1123727
1991-12-31,39,574243,557370,1131613
1991-12-31,40,565566,548451,1114017
1991-12-31,41,574333,555752,1130085
1991-12-31,42,560338,537101,1097439
1991-12-31,43,520847,496465,1017312
1991-12-31,44,493284,472000,965284
1991-12-31,45,437576,418195,855771
1991-12-31,46,388697,376659,765356
1991-12-31,47,521110,503776,1024886
1991-12-31,48,534728,512932,1047660
1991-12-31,49,521145,499997,1021142
1991-12-31,50,630278,609079,1239357
1991-12-31,51,667769,647828,1315597
1991-12-31,52,656885,640231,1297116
1991-12-31,53,614827,601329,1216156
1991-12-31,54,576149,566261,1142410
1991-12-31,55,563546,559460,1123006
1991-12-31,56,547449,546729,1094178
1991-12-31,57,513390,514639,1028029
1991-12-31,58,415783,420884,836667
1991-12-31,59,413082,424558,837640
1991-12-31,60,419957,437817,857774
1991-12-31,61,440741,468100,908841
1991-12-31,62,425450,459449,884899
1991-12-31,63,419842,462721,882563
1991-12-31,64,371219,447045,818264
1991-12-31,65,341822,460680,802502
1991-12-31,66,322223,472013,794236
1991-12-31,67,278214,456374,734588
1991-12-31,68,267238,451200,718438
1991-12-31,69,277891,469040,746931
1991-12-31,70,279749,491310,771059
1991-12-31,71,264230,483680,747910
1991-12-31,72,194895,358754,553649
1991-12-31,73,122204,229912,352116
1991-12-31,74,114291,216626,330917
1991-12-31,75,118932,234264,353196
1991-12-31,76,147424,302298,449722
1991-12-31,77,177574,375682,553256
1991-12-31,78,170300,364681,534981
1991-12-31,79,159148,349442,508590
1991-12-31,80,137105,311416,448521
1991-12-31,81,123955,296699,420654
1991-12-31,82,111729,274924,386653
1991-12-31,83,95986,245235,341221
1991-12-31,84,83202,215089,298291
1991-12-31,85,298816,886335,1185151
1992-12-31,0,416050,395867,811917
1992-12-31,1,432906,410900,843806
1992-12-31,2,476392,452055,928447
1992-12-31,3,469046,446632,915678
1992-12-31,4,482957,457872,940829
1992-12-31,5,471843,445617,917460
1992-12-31,6,461739,438738,900477
1992-12-31,7,444899,422890,867789
1992-12-31,8,443447,420387,863834
1992-12-31,9,447223,424498,871721
1992-12-31,10,459929,436024,895953
1992-12-31,11,457404,435564,892968
1992-12-31,12,460590,438405,898995
1992-12-31,13,437248,414405,851653
1992-12-31,14,432204,408178,840382
1992-12-31,15,430122,405897,836019
1992-12-31,16,425795,401884,827679
1992-12-31,17,416895,390779,807674
1992-12-31,18,427440,404012,831452
1992-12-31,19,440087,418011,858098
1992-12-31,20,495940,469538,965478
1992-12-31,21,560627,530206,1090833
1992-12-31,22,596139,559528,1155667
1992-12-31,23,652147,609730,1261877
1992-12-31,24,691125,644133,1335258
1992-12-31,25,714263,665412,1379675
1992-12-31,26,738627,685238,1423865
1992-12-31,27,749074,688848,1437922
1992-12-31,28,762657,703609,1466266
1992-12-31,29,757901,700134,1458035
1992-12-31,30,733150,680359,1413509
1992-12-31,31,719619,674406,1394025
1992-12-31,32,701923,656039,1357962
1992-12-31,33,680673,636528,1317201
1992-12-31,34,648587,604701,1253288
1992-12-31,35,637776,595684,1233460
1992-12-31,36,623646,584616,1208262
1992-12-31,37,605021,570646,1175667
1992-12-31,38,593961,567874,1161835
1992-12-31,39,576404,556289,1132693
1992-12-31,40,579426,560392,1139818
1992-12-31,41,569788,550940,1120728
1992-12-31,42,578142,558168,1136310
1992-12-31,43,563185,539075,1102260
1992-12-31,44,522883,498090,1020973
1992-12-31,45,494569,473370,967939
1992-12-31,46,438289,418935,857224
1992-12-31,47,388908,377154,766062
1992-12-31,48,520163,503795,1023958
1992-12-31,49,533466,512881,1046347
1992-12-31,50,519826,500055,1019881
1992-12-31,51,627949,609030,1236979
1992-12-31,52,664797,647568,1312365
1992-12-31,53,653486,639768,1293254
1992-12-31,54,611188,600761,1211949
1992-12-31,55,572363,565638,1138001
1992-12-31,56,559084,558376,1117460
1992-12-31,57,542464,545330,1087794
1992-12-31,58,507794,512928,1020722
1992-12-31,59,410744,419280,830024
1992-12-31,60,407220,422679,829899
1992-12-31,61,413486,435582,849068
1992-12-31,62,433305,465425,898730
1992-12-31,63,417820,456567,874387
1992-12-31,64,411321,459399,870720
1992-12-31,65,363207,443483,806690
1992-12-31,66,333836,456122,789958
1992-12-31,67,314134,466814,780948
1992-12-31,68,270359,450698,721057
1992-12-31,69,258965,444633,703598
1992-12-31,70,268307,461159,729466
1992-12-31,71,269090,481905,750995
1992-12-31,72,253126,472997,726123
1992-12-31,73,185772,350056,535828
1992-12-31,74,115973,223701,339674
1992-12-31,75,107838,209922,317760
1992-12-31,76,111561,226134,337695
1992-12-31,77,137557,290509,428066
1992-12-31,78,164530,359204,523734
1992-12-31,79,156613,346672,503285
1992-12-31,80,144937,329689,474626
1992-12-31,81,123666,291651,415317
1992-12-31,82,110409,275120,385529
1992-12-31,83,98240,252360,350600
1992-12-31,84,83588,222350,305938
1992-12-31,85,313231,936053,1249284
1993-12-31,0,410152,388870,799022
1993-12-31,1,419481,399365,818846
1993-12-31,2,436455,414328,850783
1993-12-31,3,480428,455612,936040
1993-12-31,4,472977,450482,923459
1993-12-31,5,487386,461765,949151
1993-12-31,6,475733,449471,925204
1993-12-31,7,465372,442113,907485
1993-12-31,8,448966,426770,875736
1993-12-31,9,447726,424481,872207
1993-12-31,10,451350,428405,879755
1993-12-31,11,463995,439882,903877
1993-12-31,12,461382,439185,900567
1993-12-31,13,464501,442014,906515
1993-12-31,14,441091,417963,859054
1993-12-31,15,436979,412266,849245
1993-12-31,16,435626,410307,845933
1993-12-31,17,431261,406276,837537
1993-12-31,18,423315,397237,820552
1993-12-31,19,434286,412694,846980
1993-12-31,20,448581,426946,875527
1993-12-31,21,504897,477715,982612
1993-12-31,22,570475,537703,1108178
1993-12-31,23,606357,566812,1173169
1993-12-31,24,661359,616012,1277371
1993-12-31,25,699404,649525,1348929
1993-12-31,26,721174,670396,1391570
1993-12-31,27,744779,690051,1434830
1993-12-31,28,755192,693342,1448534
1993-12-31,29,767416,707901,1475317
1993-12-31,30,762377,704398,1466775
1993-12-31,31,736862,684484,1421346
1993-12-31,32,722875,678320,1401195
1993-12-31,33,705106,659886,1364992
1993-12-31,34,683088,640268,1323356
1993-12-31,35,650533,608310,1258843
1993-12-31,36,638971,598992,1237963
1993-12-31,37,624460,587522,1211982
1993-12-31,38,605710,573617,1179327
1993-12-31,39,594361,570590,1164951
1993-12-31,40,576145,558650,1134795
1993-12-31,41,579064,562268,1141332
1993-12-31,42,568886,552727,1121613
1993-12-31,43,576973,559623,1136596
1993-12-31,44,561643,540056,1101699
1993-12-31,45,521162,498840,1020002
1993-12-31,46,492505,473918,966423
1993-12-31,47,436049,419103,855152
1993-12-31,48,386900,377020,763920
1993-12-31,49,517164,503137,1020301
1993-12-31,50,529975,512112,1042087
1993-12-31,51,516561,499497,1016058
1993-12-31,52,624115,608170,1232285
1993-12-31,53,660324,646861,1307185
1993-12-31,54,648605,638737,1287342
1993-12-31,55,606592,599958,1206550
1993-12-31,56,567743,564689,1132432
1993-12-31,57,553712,557100,1110812
1993-12-31,58,536759,543847,1080606
1993-12-31,59,501686,511014,1012700
1993-12-31,60,404635,417282,821917
1993-12-31,61,400809,420394,821203
1993-12-31,62,406464,433157,839621
1993-12-31,63,425285,462441,887726
1993-12-31,64,409418,453333,862751
1993-12-31,65,402261,455689,857950
1993-12-31,66,354428,439474,793902
1993-12-31,67,325285,451334,776619
1993-12-31,68,305336,461102,766438
1993-12-31,69,261966,444308,706274
1993-12-31,70,250296,437610,687906
1993-12-31,71,258127,452388,710515
1993-12-31,72,257611,471518,729129
1993-12-31,73,241390,460993,702383
1993-12-31,74,176237,340490,516727
1993-12-31,75,109375,216847,326222
1993-12-31,76,101169,202549,303718
1993-12-31,77,104197,217324,321521
1993-12-31,78,127475,277737,405212
1993-12-31,79,151321,341694,493015
1993-12-31,80,142594,327198,469792
1993-12-31,81,130759,308880,439639
1993-12-31,82,110362,270585,380947
1993-12-31,83,97406,252813,350219
1993-12-31,84,85278,229238,314516
1993-12-31,85,323998,983628,1307626
1994-12-31,0,395665,373952,769617
1994-12-31,1,412203,390613,802816
1994-12-31,2,421326,401033,822359
1994-12-31,3,438595,416424,855019
1994-12-31,4,482814,457966,940780
1994-12-31,5,475809,453012,928821
1994-12-31,6,489809,464102,953911
1994-12-31,7,478554,451996,930550
1994-12-31,8,468521,445242,913763
1994-12-31,9,452148,429863,882011
1994-12-31,10,451108,427643,878751
1994-12-31,11,454717,431500,886217
1994-12-31,12,467192,442873,910065
1994-12-31,13,464440,442162,906602
1994-12-31,14,467944,445109,913053
1994-12-31,15,445167,421321,866488
1994-12-31,16,441438,415903,857341
1994-12-31,17,439648,414131,853779
1994-12-31,18,435767,411641,847408
1994-12-31,19,427665,404639,832304
1994-12-31,20,439552,420565,860117
1994-12-31,21,453808,433868,887676
1994-12-31,22,509886,483868,993754
1994-12-31,23,575003,543022,1118025
1994-12-31,24,609939,571280,1181219
1994-12-31,25,664190,619277,1283467
1994-12-31,26,701488,652568,1354056
1994-12-31,27,722316,673083,1395399
1994-12-31,28,746385,692642,1439027
1994-12-31,29,755853,695685,1451538
1994-12-31,30,768415,710111,1478526
1994-12-31,31,763192,706584,1469776
1994-12-31,32,737993,686865,1424858
1994-12-31,33,724159,680596,1404755
1994-12-31,34,705930,662389,1368319
1994-12-31,35,684024,642780,1326804
1994-12-31,36,651257,610665,1261922
1994-12-31,37,639513,601171,1240684
1994-12-31,38,625052,589550,1214602
1994-12-31,39,606305,575605,1181910
1994-12-31,40,594752,572424,1167176
1994-12-31,41,576274,559960,1136234
1994-12-31,42,579057,563286,1142343
1994-12-31,43,568557,553817,1122374
1994-12-31,44,576194,560258,1136452
1994-12-31,45,560586,540573,1101159
1994-12-31,46,519756,498949,1018705
1994-12-31,47,490702,473751,964453
1994-12-31,48,433961,418795,852756
1994-12-31,49,384543,376437,760980
1994-12-31,50,513987,502058,1016045
1994-12-31,51,526291,510720,1037011
1994-12-31,52,513079,498548,1011627
1994-12-31,53,619791,606902,1226693
1994-12-31,54,655305,645381,1300686
1994-12-31,55,643436,637354,1280790
1994-12-31,56,601419,598647,1200066
1994-12-31,57,562497,563411,1125908
1994-12-31,58,547960,555379,1103339
1994-12-31,59,530518,541581,1072099
1994-12-31,60,494447,508260,1002707
1994-12-31,61,398150,414851,813001
1994-12-31,62,394014,417669,811683
1994-12-31,63,398757,430178,828935
1994-12-31,64,416508,459011,875519
1994-12-31,65,400120,449585,849705
1994-12-31,66,392543,451385,843928
1994-12-31,67,345266,434797,780063
1994-12-31,68,316345,445966,762311
1994-12-31,69,296126,454591,750717
1994-12-31,70,253106,437225,690331
1994-12-31,71,241163,429738,670901
1994-12-31,72,247634,442987,690621
1994-12-31,73,246160,460406,706566
1994-12-31,74,229514,448505,678019
1994-12-31,75,166545,330257,496802
1994-12-31,76,102914,209553,312467
1994-12-31,77,94706,194888,289594
1994-12-31,78,96852,208091,304943
1994-12-31,79,117526,264322,381848
1994-12-31,80,138330,323196,461526
1994-12-31,81,129069,307206,436275
1994-12-31,82,117002,287334,404336
1994-12-31,83,97578,249087,346665
1994-12-31,84,85103,230469,315572
1994-12-31,85,336032,1032551,1368583
1995-12-31,0,392907,373097,766004
1995-12-31,1,398620,376901,775521
1995-12-31,2,414632,393249,807881
1995-12-31,3,424132,403801,827933
1995-12-31,4,441616,419220,860836
1995-12-31,5,485964,461013,946977
1995-12-31,6,478828,455600,934428
1995-12-31,7,492757,466964,959721
1995-12-31,8,482285,455473,937758
1995-12-31,9,472293,448695,920988
1995-12-31,10,455870,433377,889247
1995-12-31,11,454923,431157,886080
1995-12-31,12,458414,434877,893291
1995-12-31,13,471161,446324,917485
1995-12-31,14,468658,445677,914335
1995-12-31,15,472781,448999,921780
1995-12-31,16,450337,425486,875823
1995-12-31,17,446381,420036,866417
1995-12-31,18,444819,419897,864716
1995-12-31,19,441763,419675,861438
1995-12-31,20,435599,413469,849068
1995-12-31,21,447511,428544,876055
1995-12-31,22,461459,440941,902400
1995-12-31,23,517691,490651,1008342
1995-12-31,24,582119,548660,1130779
1995-12-31,25,616491,575988,1192479
1995-12-31,26,669189,623455,1292644
1995-12-31,27,705612,656160,1361772
1995-12-31,28,725683,676307,1401990
1995-12-31,29,749150,695505,1444655
1995-12-31,30,758611,698307,1456918
1995-12-31,31,770500,712687,1483187
1995-12-31,32,765219,709419,1474638
1995-12-31,33,739925,689698,1429623
1995-12-31,34,726116,683205,1409321
1995-12-31,35,707648,665000,1372648
1995-12-31,36,685711,645298,1331009
1995-12-31,37,652867,613070,1265937
1995-12-31,38,640612,603544,1244156
1995-12-31,39,626394,591484,1217878
1995-12-31,40,607191,577559,1184750
1995-12-31,41,595493,574080,1169573
1995-12-31,42,576478,561172,1137650
1995-12-31,43,579161,564525,1143686
1995-12-31,44,568650,554809,1123459
1995-12-31,45,575638,560871,1136509
1995-12-31,46,560030,541057,1101087
1995-12-31,47,518568,499199,1017767
1995-12-31,48,489151,473661,962812
1995-12-31,49,432202,418516,850718
1995-12-31,50,382535,375970,758505
1995-12-31,51,510937,500776,1011713
1995-12-31,52,522791,509477,1032268
1995-12-31,53,509528,497428,1006956
1995-12-31,54,615443,605692,1221135
1995-12-31,55,650275,644010,1294285
1995-12-31,56,638055,635749,1273804
1995-12-31,57,596039,597096,1193135
1995-12-31,58,557072,561804,1118876
1995-12-31,59,541780,553511,1095291
1995-12-31,60,523280,538983,1062263
1995-12-31,61,486799,505265,992064
1995-12-31,62,391288,412129,803417
1995-12-31,63,386728,414743,801471
1995-12-31,64,390674,427023,817697
1995-12-31,65,407104,455156,862260
1995-12-31,66,390476,445338,835814
1995-12-31,67,382328,446631,828959
1995-12-31,68,335624,429696,765320
1995-12-31,69,306746,439864,746610
1995-12-31,70,286478,447475,733953
1995-12-31,71,243891,429573,673464
1995-12-31,72,231393,421221,652614
1995-12-31,73,236690,432754,669444
1995-12-31,74,233932,448147,682079
1995-12-31,75,216996,434935,651931
1995-12-31,76,156649,318960,475609
1995-12-31,77,96276,201803,298079
1995-12-31,78,87777,186532,274309
1995-12-31,79,89458,198347,287805
1995-12-31,80,107398,249943,357341
1995-12-31,81,125327,303754,429081
1995-12-31,82,115680,286125,401805
1995-12-31,83,103804,265428,369232
1995-12-31,84,85398,227489,312887
1995-12-31,85,346364,1077490,1423854
1996-12-31,0,409150,387111,796261
1996-12-31,1,395214,375300,770514
1996-12-31,2,400465,378888,779353
1996-12-31,3,416542,394973,811515
1996-12-31,4,426288,405791,832079
1996-12-31,5,443743,421312,865055
1996-12-31,6,488013,462848,950861
1996-12-31,7,480995,457504,938499
1996-12-31,8,495392,469382,964774
1996-12-31,9,485149,458129,943278
1996-12-31,10,475180,451244,926424
1996-12-31,11,458709,435969,894678
1996-12-31,12,457795,433894,891689
1996-12-31,13,461278,437610,898888
1996-12-31,14,474473,448905,923378
1996-12-31,15,472980,448844,921824
1996-12-31,16,477006,452352,929358
1996-12-31,17,454081,428642,882723
1996-12-31,18,450754,425114,875868
1996-12-31,19,449634,427355,876989
1996-12-31,20,448115,427548,875663
1996-12-31,21,441991,420541,862532
1996-12-31,22,454246,434979,889225
1996-12-31,23,467804,446796,914600
1996-12-31,24,523273,495880,1019153
1996-12-31,25,586319,552640,1138959
1996-12-31,26,620367,579409,1199776
1996-12-31,27,671653,626293,1297946
1996-12-31,28,707474,658561,1366035
1996-12-31,29,726872,678620,1405492
1996-12-31,30,750189,697371,1447560
1996-12-31,31,759224,700119,1459343
1996-12-31,32,770851,714443,1485294
1996-12-31,33,765651,711283,1476934
1996-12-31,34,740135,691572,1431707
1996-12-31,35,726357,684847,1411204
1996-12-31,36,707820,666551,1374371
1996-12-31,37,685549,646908,1332457
1996-12-31,38,652627,614444,1267071
1996-12-31,39,640291,604621,1244912
1996-12-31,40,625781,592584,1218365
1996-12-31,41,606637,578696,1185333
1996-12-31,42,594480,574911,1169391
1996-12-31,43,575351,561697,1137048
1996-12-31,44,577524,564976,1142500
1996-12-31,45,567213,555083,1122296
1996-12-31,46,573791,560960,1134751
1996-12-31,47,557956,540950,1098906
1996-12-31,48,516330,498776,1015106
1996-12-31,49,487015,473207,960222
1996-12-31,50,429718,417798,847516
1996-12-31,51,379835,375115,754950
1996-12-31,52,507169,499278,1006447
1996-12-31,53,518737,507775,1026512
1996-12-31,54,505534,495863,1001397
1996-12-31,55,610410,603869,1214279
1996-12-31,56,644486,641841,1286327
1996-12-31,57,631948,633540,1265488
1996-12-31,58,590042,595097,1185139
1996-12-31,59,550866,559449,1110315
1996-12-31,60,534321,550663,1084984
1996-12-31,61,515088,535623,1050711
1996-12-31,62,478656,501781,980437
1996-12-31,63,383711,408867,792578
1996-12-31,64,378861,411282,790143
1996-12-31,65,381908,423007,804915
1996-12-31,66,397213,450483,847696
1996-12-31,67,380409,440397,820806
1996-12-31,68,371343,441118,812461
1996-12-31,69,325527,423521,749048
1996-12-31,70,296972,432964,729936
1996-12-31,71,276205,439608,715813
1996-12-31,72,234239,420905,655144
1996-12-31,73,221196,411583,632779
1996-12-31,74,225186,421373,646559
1996-12-31,75,221473,434968,656441
1996-12-31,76,204158,420463,624621
1996-12-31,77,146628,307039,453667
1996-12-31,78,89631,193219,282850
1996-12-31,79,81056,177605,258661
1996-12-31,80,81904,187863,269767
1996-12-31,81,97314,234630,331944
1996-12-31,82,112467,283184,395651
1996-12-31,83,102545,264446,366991
1996-12-31,84,91045,242765,333810
1996-12-31,85,355307,1111912,1467219
1997-12-31,0,416403,394882,811285
1997-12-31,1,410057,388011,798068
1997-12-31,2,395638,375764,771402
1997-12-31,3,401038,379302,780340
1997-12-31,4,417182,395636,812818
1997-12-31,5,426706,406344,833050
1997-12-31,6,443753,421256,865009
1997-12-31,7,488356,462914,951270
1997-12-31,8,481800,458307,940107
1997-12-31,9,496526,470354,966880
1997-12-31,10,486444,459205,945649
1997-12-31,11,476533,452387,928920
1997-12-31,12,460111,437077,897188
1997-12-31,13,459307,435240,894547
1997-12-31,14,462917,438961,901878
1997-12-31,15,476772,450684,927456
1997-12-31,16,475541,451127,926668
1997-12-31,17,479640,454619,934259
1997-12-31,18,457012,432489,889501
1997-12-31,19,453864,431258,885122
1997-12-31,20,453979,433899,887878
1997-12-31,21,451960,433203,885163
1997-12-31,22,446136,425753,871889
1997-12-31,23,458050,439118,897168
1997-12-31,24,470504,449915,920419
1997-12-31,25,524815,498023,1022838
1997-12-31,26,586804,554008,1140812
1997-12-31,27,620047,580655,1200702
1997-12-31,28,670550,626733,1297283
1997-12-31,29,705718,658653,1364371
1997-12-31,30,724467,678396,1402863
1997-12-31,31,747423,697219,1444642
1997-12-31,32,756426,700075,1456501
1997-12-31,33,767895,714275,1482170
1997-12-31,34,762767,711225,1473992
1997-12-31,35,737609,691592,1429201
1997-12-31,36,723956,684948,1408904
1997-12-31,37,705195,666778,1371973
1997-12-31,38,682932,646911,1329843
1997-12-31,39,650074,614612,1264686
1997-12-31,40,637942,604742,1242684
1997-12-31,41,622908,592557,1215465
1997-12-31,42,603935,578727,1182662
1997-12-31,43,591690,574645,1166335
1997-12-31,44,572417,561310,1133727
1997-12-31,45,574693,564675,1139368
1997-12-31,46,564467,554584,1119051
1997-12-31,47,570789,560240,1131029
1997-12-31,48,554893,540115,1095008
1997-12-31,49,513263,497774,1011037
1997-12-31,50,483758,472070,955828
1997-12-31,51,426523,416519,843042
1997-12-31,52,376770,373705,750475
1997-12-31,53,502761,497291,1000052
1997-12-31,54,514242,505607,1019849
1997-12-31,55,501074,493953,995027
1997-12-31,56,604821,601418,1206239
1997-12-31,57,637975,639116,1277091
1997-12-31,58,625200,630737,1255937
1997-12-31,59,583322,592436,1175758
1997-12-31,60,543512,556346,1099858
1997-12-31,61,526337,547270,1073607
1997-12-31,62,506637,531838,1038475
1997-12-31,63,469733,497704,967437
1997-12-31,64,376027,405181,781208
1997-12-31,65,370393,407353,777746
1997-12-31,66,372676,418472,791148
1997-12-31,67,387063,445415,832478
1997-12-31,68,369617,434994,804611
1997-12-31,69,360008,434929,794937
1997-12-31,70,314941,416933,731874
1997-12-31,71,286687,425367,712054
1997-12-31,72,265506,430793,696299
1997-12-31,73,224468,411717,636185
1997-12-31,74,210939,401396,612335
1997-12-31,75,213777,409399,623176
1997-12-31,76,209048,421141,630189
1997-12-31,77,191450,405073,596523
1997-12-31,78,136681,294502,431183
1997-12-31,79,82954,184438,267392
1997-12-31,80,74327,168404,242731
1997-12-31,81,74603,176936,251539
1997-12-31,82,87605,219326,306931
1997-12-31,83,100448,262190,362638
1997-12-31,84,90436,242503,332939
1997-12-31,85,370088,1161419,1531507
1998-12-31,0,402664,382119,784783
1998-12-31,1,416653,395148,811801
1998-12-31,2,409563,387690,797253
1998-12-31,3,395211,375416,770627
1998-12-31,4,400924,379128,780052
1998-12-31,5,417052,395675,812727
1998-12-31,6,426054,405660,831714
1998-12-31,7,443029,420591,863620
1998-12-31,8,488323,462753,951076
1998-12-31,9,481852,458406,940258
1998-12-31,10,496606,470400,967006
1998-12-31,11,486661,459359,946020
1998-12-31,12,476769,452830,929599
1998-12-31,13,460510,437445,897955
1998-12-31,14,459861,435691,895552
1998-12-31,15,463838,439658,903496
1998-12-31,16,478592,451816,930408
1998-12-31,17,478073,452601,930674
1998-12-31,18,482115,457962,940077
1998-12-31,19,460691,438231,898922
1998-12-31,20,458567,437608,896175
1998-12-31,21,458098,439434,897532
1998-12-31,22,456532,438113,894645
1998-12-31,23,450825,429879,880704
1998-12-31,24,461845,442639,904484
1998-12-31,25,472721,452304,925025
1998-12-31,26,525313,499132,1024445
1998-12-31,27,586555,555008,1141563
1998-12-31,28,619032,581113,1200145
1998-12-31,29,668698,626658,1295356
1998-12-31,30,703267,657996,1361263
1998-12-31,31,721593,677680,1399273
1998-12-31,32,744343,696263,1440606
1998-12-31,33,753129,699097,1452226
1998-12-31,34,764777,713101,1477878
1998-12-31,35,759759,710385,1470144
1998-12-31,36,734615,690805,1425420
1998-12-31,37,721168,684223,1405391
1998-12-31,38,702147,666191,1368338
1998-12-31,39,680313,646258,1326571
1998-12-31,40,647497,614066,1261563
1998-12-31,41,635315,603978,1239293
1998-12-31,42,620042,591945,1211987
1998-12-31,43,601188,577951,1179139
1998-12-31,44,588942,574022,1162964
1998-12-31,45,569918,560433,1130351
1998-12-31,46,571949,563869,1135818
1998-12-31,47,561841,553835,1115676
1998-12-31,48,567655,559256,1126911
1998-12-31,49,551782,539071,1090853
1998-12-31,50,510248,496575,1006823
1998-12-31,51,480634,470783,951417
1998-12-31,52,423295,415126,838421
1998-12-31,53,373735,372359,746094
1998-12-31,54,498535,495258,993793
1998-12-31,55,509614,503498,1013112
1998-12-31,56,496458,491800,988258
1998-12-31,57,599037,598791,1197828
1998-12-31,58,631335,636268,1267603
1998-12-31,59,618206,627742,1245948
1998-12-31,60,575695,589166,1164861
1998-12-31,61,535729,553040,1088769
1998-12-31,62,517868,543642,1061510
1998-12-31,63,497798,527820,1025618
1998-12-31,64,460692,493449,954141
1998-12-31,65,367869,401297,769166
1998-12-31,66,361711,403058,764769
1998-12-31,67,363376,413801,777177
1998-12-31,68,376510,439843,816353
1998-12-31,69,358575,429038,787613
1998-12-31,70,348456,428337,776793
1998-12-31,71,304007,409853,713860
1998-12-31,72,275937,417112,693049
1998-12-31,73,254641,421376,676017
1998-12-31,74,214452,401709,616161
1998-12-31,75,200387,390362,590749
1998-12-31,76,202039,396572,598611
1998-12-31,77,196399,406556,602955
1998-12-31,78,178848,388611,567459
1998-12-31,79,126572,281260,407832
1998-12-31,80,76325,175022,251347
1998-12-31,81,67767,158793,226560
1998-12-31,82,67416,165601,233017
1998-12-31,83,78338,203226,281564
1998-12-31,84,88723,240785,329508
1998-12-31,85,382448,1204448,1586896
1999-12-31,0,396428,374795,771223
1999-12-31,1,404736,384169,788905
1999-12-31,2,417926,396499,814425
1999-12-31,3,410825,388953,799778
1999-12-31,4,396543,376760,773303
1999-12-31,5,402279,380505,782784
1999-12-31,6,418012,396595,814607
1999-12-31,7,427125,406668,833793
1999-12-31,8,444378,421967,866345
1999-12-31,9,489939,464135,954074
1999-12-31,10,483386,459800,943186
1999-12-31,11,498212,471886,970098
1999-12-31,12,488317,461093,949410
1999-12-31,13,478621,454604,933225
1999-12-31,14,462418,439440,901858
1999-12-31,15,462325,437725,900050
1999-12-31,16,466825,442130,908955
1999-12-31,17,481590,454414,936004
1999-12-31,18,480552,456895,937447
1999-12-31,19,485801,464848,950649
1999-12-31,20,465642,446144,911786
1999-12-31,21,463668,444483,908151
1999-12-31,22,463815,446270,910085
1999-12-31,23,461689,444012,905701
1999-12-31,24,455608,435061,890669
1999-12-31,25,465496,446824,912320
1999-12-31,26,475670,455584,931254
1999-12-31,27,527265,501947,1029212
1999-12-31,28,587605,557113,1144718
1999-12-31,29,619202,582850,1202052
1999-12-31,30,668471,627853,1296324
1999-12-31,31,702893,659365,1362258
1999-12-31,32,720685,678126,1398811
1999-12-31,33,742792,696616,1439408
1999-12-31,34,751358,699501,1450859
1999-12-31,35,763403,713871,1477274
1999-12-31,36,758199,710851,1469050
1999-12-31,37,733388,691484,1424872
1999-12-31,38,720056,684667,1404723
1999-12-31,39,701246,666814,1368060
1999-12-31,40,679374,646764,1326138
1999-12-31,41,646604,614462,1261066
1999-12-31,42,634135,604281,1238416
1999-12-31,43,618541,592012,1210553
1999-12-31,44,599544,577970,1177514
1999-12-31,45,587460,574076,1161536
1999-12-31,46,568357,560200,1128557
1999-12-31,47,570032,563489,1133521
1999-12-31,48,560007,553447,1113454
1999-12-31,49,565185,558541,1123726
1999-12-31,50,549321,538434,1087755
1999-12-31,51,507507,495684,1003191
1999-12-31,52,477755,469802,947557
1999-12-31,53,420606,413959,834565
1999-12-31,54,371060,371116,742176
1999-12-31,55,494587,493398,987985
1999-12-31,56,505133,501549,1006682
1999-12-31,57,492097,489893,981990
1999-12-31,58,593435,596346,1189781
1999-12-31,59,624870,633588,1258458
1999-12-31,60,610630,624567,1235197
1999-12-31,61,567967,585949,1153916
1999-12-31,62,528123,549959,1078082
1999-12-31,63,509632,540109,1049741
1999-12-31,64,488995,523965,1012960
1999-12-31,65,451604,489284,940888
1999-12-31,66,359769,397489,757258
1999-12-31,67,353182,398882,752064
1999-12-31,68,353799,408925,762724
1999-12-31,69,365800,434184,799984
1999-12-31,70,347287,422892,770179
1999-12-31,71,336803,421521,758324
1999-12-31,72,293156,402416,695572
1999-12-31,73,265159,408487,673646
1999-12-31,74,243560,411753,655313
1999-12-31,75,204196,391377,595573
1999-12-31,76,190057,378836,568893
1999-12-31,77,190351,383291,573642
1999-12-31,78,183650,391068,574718
1999-12-31,79,166129,371508,537637
1999-12-31,80,116727,267554,384281
1999-12-31,81,69794,165207,235001
1999-12-31,82,61389,148689,210078
1999-12-31,83,60400,153985,214385
1999-12-31,84,69240,186718,255958
1999-12-31,85,393378,1241756,1635134
2000-12-31,0,392998,373556,766554
2000-12-31,1,397193,375747,772940
2000-12-31,2,405158,384608,789766
2000-12-31,3,418029,396645,814674
2000-12-31,4,410802,389108,799910
2000-12-31,5,396822,376918,773740
2000-12-31,6,402129,380673,782802
2000-12-31,7,418018,396575,814593
2000-12-31,8,427578,407188,834766
2000-12-31,9,444820,422624,867444
2000-12-31,10,490598,464801,955399
2000-12-31,11,484274,460727,945001
2000-12-31,12,499285,472820,972105
2000-12-31,13,489506,462287,951793
2000-12-31,14,479961,455794,935755
2000-12-31,15,464039,440975,905014
2000-12-31,16,464723,439577,904300
2000-12-31,17,469201,444429,913630
2000-12-31,18,483633,458403,942036
2000-12-31,19,483578,463874,947452
2000-12-31,20,490423,472983,963406
2000-12-31,21,469588,453269,922857
2000-12-31,22,468572,451768,920340
2000-12-31,23,468758,452832,921590
2000-12-31,24,466315,449749,916064
2000-12-31,25,459287,439527,898814
2000-12-31,26,468152,450093,918245
2000-12-31,27,477443,458531,935974
2000-12-31,28,528613,504273,1032886
2000-12-31,29,588395,558945,1147340
2000-12-31,30,619147,584440,1203587
2000-12-31,31,668122,628729,1296851
2000-12-31,32,701998,660201,1362199
2000-12-31,33,719619,678694,1398313
2000-12-31,34,741778,697111,1438889
2000-12-31,35,750189,699816,1450005
2000-12-31,36,762237,714344,1476581
2000-12-31,37,756957,711207,1468164
2000-12-31,38,732269,691821,1424090
2000-12-31,39,718953,685035,1403988
2000-12-31,40,699912,667410,1367322
2000-12-31,41,678342,647124,1325466
2000-12-31,42,645242,614854,1260096
2000-12-31,43,632907,604450,1237357
2000-12-31,44,616866,592090,1208956
2000-12-31,45,598050,577980,1176030
2000-12-31,46,585803,573992,1159795
2000-12-31,47,566548,559934,1126482
2000-12-31,48,568056,563082,1131138
2000-12-31,49,557750,553112,1110862
2000-12-31,50,562673,558025,1120698
2000-12-31,51,546575,537516,1084091
2000-12-31,52,504765,494678,999443
2000-12-31,53,474831,468783,943614
2000-12-31,54,417548,412754,830302
2000-12-31,55,368066,369883,737949
2000-12-31,56,490439,491414,981853
2000-12-31,57,500619,499352,999971
2000-12-31,58,487315,487762,975077
2000-12-31,59,587175,593827,1181002
2000-12-31,60,617425,630345,1247770
2000-12-31,61,602737,621188,1223925
2000-12-31,62,560011,582443,1142454
2000-12-31,63,520124,546660,1066784
2000-12-31,64,501045,536187,1037232
2000-12-31,65,479753,519695,999448
2000-12-31,66,442018,484696,926714
2000-12-31,67,351295,393237,744532
2000-12-31,68,344114,394408,738522
2000-12-31,69,344046,403680,747726
2000-12-31,70,354733,427908,782641
2000-12-31,71,335785,416263,752048
2000-12-31,72,324575,414020,738595
2000-12-31,73,281950,394402,676352
2000-12-31,74,254065,399479,653544
2000-12-31,75,232272,401276,633548
2000-12-31,76,194176,380166,574342
2000-12-31,77,179489,366437,545926
2000-12-31,78,178493,369274,547767
2000-12-31,79,171016,374635,545651
2000-12-31,80,153491,353212,506703
2000-12-31,81,107032,253167,360199
2000-12-31,82,63215,154981,218196
2000-12-31,83,55024,138363,193387
2000-12-31,84,53661,141816,195477
2000-12-31,85,386349,1226347,1612696
2001-12-31,0,378223,357532,735755
2001-12-31,1,396041,376106,772147
2001-12-31,2,398778,377140,775918
2001-12-31,3,406442,385756,792198
2001-12-31,4,419190,397776,816966
2001-12-31,5,411907,390288,802195
2001-12-31,6,397752,377911,775663
2001-12-31,7,403117,381599,784716
2001-12-31,8,419306,397776,817082
2001-12-31,9,428898,408604,837502
2001-12-31,10,446239,423991,870230
2001-12-31,11,492255,466367,958622
2001-12-31,12,486045,462446,948491
2001-12-31,13,501162,474514,975676
2001-12-31,14,491504,464179,955683
2001-12-31,15,482359,457859,940218
2001-12-31,16,467877,443535,911412
2001-12-31,17,468529,442416,910945
2001-12-31,18,473235,448991,922226
2001-12-31,19,489213,466613,955826
2001-12-31,20,490086,473113,963199
2001-12-31,21,497077,481678,978755
2001-12-31,22,477279,462043,939322
2001-12-31,23,476474,460135,936609
2001-12-31,24,476209,460023,936232
2001-12-31,25,472961,455591,928552
2001-12-31,26,465022,444432,909454
2001-12-31,27,472865,454566,927431
2001-12-31,28,481201,462026,943227
2001-12-31,29,531500,507483,1038983
2001-12-31,30,590072,561635,1151707
2001-12-31,31,620851,586805,1207656
2001-12-31,32,668931,630621,1299552
2001-12-31,33,702313,661912,1364225
2001-12-31,34,719760,680238,1399998
2001-12-31,35,741654,698474,1440128
2001-12-31,36,749802,700868,1450670
2001-12-31,37,761752,715147,1476899
2001-12-31,38,756610,712080,1468690
2001-12-31,39,731961,692713,1424674
2001-12-31,40,718261,686002,1404263
2001-12-31,41,699318,668312,1367630
2001-12-31,42,677160,647871,1325031
2001-12-31,43,644096,615440,1259536
2001-12-31,44,631785,604822,1236607
2001-12-31,45,615441,592421,1207862
2001-12-31,46,596413,578260,1174673
2001-12-31,47,583747,574018,1157765
2001-12-31,48,564535,559780,1124315
2001-12-31,49,565876,562701,1128577
2001-12-31,50,555406,552616,1108022
2001-12-31,51,560042,557343,1117385
2001-12-31,52,543760,536825,1080585
2001-12-31,53,501852,493705,995557
2001-12-31,54,471949,467632,939581
2001-12-31,55,414488,411549,826037
2001-12-31,56,365114,368610,733724
2001-12-31,57,485962,489392,975354
2001-12-31,58,495769,497207,992976
2001-12-31,59,482451,485616,968067
2001-12-31,60,580226,591029,1171255
2001-12-31,61,609533,626891,1236424
2001-12-31,62,594612,617621,1212233
2001-12-31,63,551839,579000,1130839
2001-12-31,64,511822,543033,1054855
2001-12-31,65,492009,532131,1024140
2001-12-31,66,470371,515092,985463
2001-12-31,67,432441,479935,912376
2001-12-31,68,342792,388815,731607
2001-12-31,69,334961,389513,724474
2001-12-31,70,333979,398120,732099
2001-12-31,71,343333,421296,764629
2001-12-31,72,323833,409166,732999
2001-12-31,73,312418,406093,718511
2001-12-31,74,270559,385885,656444
2001-12-31,75,242840,389718,632558
2001-12-31,76,220768,390129,610897
2001-12-31,77,183764,368192,551956
2001-12-31,78,168634,353258,521892
2001-12-31,79,166706,354168,520874
2001-12-31,80,158488,356990,515478
2001-12-31,81,141000,334438,475438
2001-12-31,82,97383,237857,335240
2001-12-31,83,57017,144429,201446
2001-12-31,84,49201,127908,177109
2001-12-31,85,368270,1171822,1540092
2002-12-31,0,369289,349961,719250
2002-12-31,1,380314,359233,739547
2002-12-31,2,396983,376789,773772
2002-12-31,3,399821,377990,777811
2002-12-31,4,407275,386866,794141
2002-12-31,5,420212,398788,819000
2002-12-31,6,412468,390961,803429
2002-12-31,7,398489,378585,777074
2002-12-31,8,404264,382716,786980
2002-12-31,9,420420,398939,819359
2002-12-31,10,430218,409834,840052
2002-12-31,11,447799,425454,873253
2002-12-31,12,493694,467662,961356
2002-12-31,13,487697,463838,951535
2002-12-31,14,502846,476175,979021
2002-12-31,15,493567,465853,959420
2002-12-31,16,485015,460104,945119
2002-12-31,17,470462,446076,916538
2002-12-31,18,471313,446587,917900
2002-12-31,19,477577,456882,934459
2002-12-31,20,494852,475081,969933
2002-12-31,21,495360,481082,976442
2002-12-31,22,503355,489448,992803
2002-12-31,23,483684,469301,952985
2002-12-31,24,482374,466486,948860
2002-12-31,25,480986,465023,946009
2002-12-31,26,476784,459479,936263
2002-12-31,27,468148,448021,916169
2002-12-31,28,475458,457666,933124
2002-12-31,29,483062,464778,947840
2002-12-31,30,532633,509901,1042534
2002-12-31,31,590676,563401,1154077
2002-12-31,32,621491,588470,1209961
2002-12-31,33,668732,631977,1300709
2002-12-31,34,701693,662993,1364686
2002-12-31,35,719129,681058,1400187
2002-12-31,36,740886,699059,1439945
2002-12-31,37,749010,701545,1450555
2002-12-31,38,760650,715813,1476463
2002-12-31,39,755526,712700,1468226
2002-12-31,40,730879,693319,1424198
2002-12-31,41,717079,686581,1403660
2002-12-31,42,698105,668804,1366909
2002-12-31,43,675938,648084,1324022
2002-12-31,44,642578,615636,1258214
2002-12-31,45,629865,604857,1234722
2002-12-31,46,613286,592421,1205707
2002-12-31,47,594351,578152,1172503
2002-12-31,48,581622,573842,1155464
2002-12-31,49,562098,559338,1121436
2002-12-31,50,563319,562138,1125457
2002-12-31,51,552731,551936,1104667
2002-12-31,52,557010,556395,1113405
2002-12-31,53,540643,535880,1076523
2002-12-31,54,498732,492561,991293
2002-12-31,55,468627,466310,934937
2002-12-31,56,411242,410103,821345
2002-12-31,57,361877,367189,729066
2002-12-31,58,481399,487056,968455
2002-12-31,59,490618,494905,985523
2002-12-31,60,476877,483093,959970
2002-12-31,61,573157,587876,1161033
2002-12-31,62,601360,623230,1224590
2002-12-31,63,585856,613855,1199711
2002-12-31,64,543170,575094,1118264
2002-12-31,65,503003,539031,1042034
2002-12-31,66,482624,527628,1010252
2002-12-31,67,460337,510085,970422
2002-12-31,68,422062,474575,896637
2002-12-31,69,333838,383941,717779
2002-12-31,70,325434,384259,709693
2002-12-31,71,323562,391946,715508
2002-12-31,72,331539,414103,745642
2002-12-31,73,311452,401316,712768
2002-12-31,74,299464,397236,696700
2002-12-31,75,258625,376283,634908
2002-12-31,76,231082,379040,610122
2002-12-31,77,209131,378085,587216
2002-12-31,78,173095,355283,528378
2002-12-31,79,157592,339161,496753
2002-12-31,80,154664,337719,492383
2002-12-31,81,145845,337832,483677
2002-12-31,82,128495,314256,442751
2002-12-31,83,87736,221711,309447
2002-12-31,84,50798,133271,184069
2002-12-31,85,347870,1103810,1451680
2003-12-31,0,362421,344028,706449
2003-12-31,1,370736,352109,722845
2003-12-31,2,380171,361064,741235
2003-12-31,3,396207,378828,775035
2003-12-31,4,400273,378483,778756
2003-12-31,5,407658,387313,794971
2003-12-31,6,420335,398767,819102
2003-12-31,7,412673,391110,803783
2003-12-31,8,399039,379224,778263
2003-12-31,9,404824,383240,788064
2003-12-31,10,420985,399442,820427
2003-12-31,11,431053,410507,841560
2003-12-31,12,448651,426319,874970
2003-12-31,13,494597,468604,963201
2003-12-31,14,488758,464691,953449
2003-12-31,15,504035,477304,981339
2003-12-31,16,495349,467245,962594
2003-12-31,17,486862,461934,948796
2003-12-31,18,472426,449253,921679
2003-12-31,19,474765,453032,927797
2003-12-31,20,481623,464112,945735
2003-12-31,21,498660,481794,980454
2003-12-31,22,499601,487404,987005
2003-12-31,23,508377,495436,1003813
2003-12-31,24,487949,474515,962464
2003-12-31,25,485646,470501,956147
2003-12-31,26,483637,467991,951628
2003-12-31,27,478617,462290,940907
2003-12-31,28,469205,450502,919707
2003-12-31,29,475936,459612,935548
2003-12-31,30,483232,466266,949498
2003-12-31,31,532325,510994,1043319
2003-12-31,32,590054,564360,1154414
2003-12-31,33,620361,589176,1209537
2003-12-31,34,667491,632541,1300032
2003-12-31,35,700237,663363,1363600
2003-12-31,36,717317,681060,1398377
2003-12-31,37,739283,699164,1438447
2003-12-31,38,747100,701375,1448475
2003-12-31,39,758892,715641,1474533
2003-12-31,40,753684,712675,1466359
2003-12-31,41,729063,693407,1422470
2003-12-31,42,715061,686487,1401548
2003-12-31,43,695946,668695,1364641
2003-12-31,44,674027,647871,1321898
2003-12-31,45,640655,615396,1256051
2003-12-31,46,627610,604427,1232037
2003-12-31,47,610931,591955,1202886
2003-12-31,48,591778,577655,1169433
2003-12-31,49,578930,573232,1152162
2003-12-31,50,559278,558512,1117790
2003-12-31,51,560524,561268,1121792
2003-12-31,52,549758,550897,1100655
2003-12-31,53,553594,555181,1108775
2003-12-31,54,536968,534667,1071635
2003-12-31,55,495169,491104,986273
2003-12-31,56,465088,464837,929925
2003-12-31,57,407738,408462,816200
2003-12-31,58,358310,365506,723816
2003-12-31,59,476333,484588,960921
2003-12-31,60,484919,492057,976976
2003-12-31,61,470905,480366,951271
2003-12-31,62,565585,584444,1150029
2003-12-31,63,592512,619266,1211778
2003-12-31,64,576707,609693,1186400
2003-12-31,65,533882,570838,1104720
2003-12-31,66,493438,534612,1028050
2003-12-31,67,472682,522682,995364
2003-12-31,68,449486,504721,954207
2003-12-31,69,411268,468745,880013
2003-12-31,70,324620,378768,703388
2003-12-31,71,315408,378260,693668
2003-12-31,72,312484,385298,697782
2003-12-31,73,319018,406211,725229
2003-12-31,74,298642,392774,691416
2003-12-31,75,285903,387547,673450
2003-12-31,76,246336,366831,613167
2003-12-31,77,218806,367386,586192
2003-12-31,78,196910,364987,561897
2003-12-31,79,162044,341045,503089
2003-12-31,80,146140,323624,469764
2003-12-31,81,142313,319809,462122
2003-12-31,82,133116,317537,450653
2003-12-31,83,115805,292384,408189
2003-12-31,84,78120,204624,282744
2003-12-31,85,331159,1043732,1374891
2004-12-31,0,361549,343439,704988
2004-12-31,1,364243,345803,710046
2004-12-31,2,371475,352655,724130
2004-12-31,3,380428,361283,741711
2004-12-31,4,396435,379012,775447
2004-12-31,5,400302,378516,778818
2004-12-31,6,407388,386966,794354
2004-12-31,7,420071,398667,818738
2004-12-31,8,412765,391249,804014
2004-12-31,9,399460,379602,779062
2004-12-31,10,405184,383564,788748
2004-12-31,11,421559,399815,821374
2004-12-31,12,431646,410915,842561
2004-12-31,13,449299,426856,876155
2004-12-31,14,495319,469193,964512
2004-12-31,15,489536,465614,955150
2004-12-31,16,505393,478423,983816
2004-12-31,17,496516,468695,965211
2004-12-31,18,488461,464566,953027
2004-12-31,19,475436,455224,930660
2004-12-31,20,478381,459903,938284
2004-12-31,21,485100,469994,955094
2004-12-31,22,502269,487427,989696
2004-12-31,23,503330,492655,995985
2004-12-31,24,511655,499502,1011157
2004-12-31,25,490422,477428,967850
2004-12-31,26,487255,472328,959583
2004-12-31,27,484399,469666,954065
2004-12-31,28,479203,463764,942967
2004-12-31,29,469036,451747,920783
2004-12-31,30,475363,460571,935934
2004-12-31,31,481953,466782,948735
2004-12-31,32,531225,511490,1042715
2004-12-31,33,588789,564530,1153319
2004-12-31,34,618845,589277,1208122
2004-12-31,35,665711,632351,1298062
2004-12-31,36,698595,662676,1361271
2004-12-31,37,715417,680606,1396023
2004-12-31,38,737330,698833,1436163
2004-12-31,39,745135,700997,1446132
2004-12-31,40,756836,715098,1471934
2004-12-31,41,751567,712367,1463934
2004-12-31,42,726911,692978,1419889
2004-12-31,43,713162,686187,1399349
2004-12-31,44,693711,668180,1361891
2004-12-31,45,672122,647276,1319398
2004-12-31,46,638549,614842,1253391
2004-12-31,47,625182,603659,1228841
2004-12-31,48,608631,591132,1199763
2004-12-31,49,589251,576845,1166096
2004-12-31,50,575701,572345,1148046
2004-12-31,51,556413,557442,1113855
2004-12-31,52,557202,560054,1117256
2004-12-31,53,546250,549565,1095815
2004-12-31,54,549696,553576,1103272
2004-12-31,55,532892,533002,1065894
2004-12-31,56,491269,489296,980565
2004-12-31,57,460886,462913,923799
2004-12-31,58,403646,406492,810138
2004-12-31,59,354546,363488,718034
2004-12-31,60,470605,481619,952224
2004-12-31,61,478675,488982,967657
2004-12-31,62,464462,477269,941731
2004-12-31,63,557465,580587,1138052
2004-12-31,64,583184,614928,1198112
2004-12-31,65,566588,605036,1171624
2004-12-31,66,523826,566078,1089904
2004-12-31,67,483491,529566,1013057
2004-12-31,68,462139,517304,979443
2004-12-31,69,438696,498700,937396
2004-12-31,70,399991,462534,862525
2004-12-31,71,315043,373107,688150
2004-12-31,72,305263,372047,677310
2004-12-31,73,301296,378061,679357
2004-12-31,74,306591,397933,704524
2004-12-31,75,285590,383852,669442
2004-12-31,76,272275,377341,649616
2004-12-31,77,233926,356071,589997
2004-12-31,78,206785,355335,562120
2004-12-31,79,184861,351143,536004
2004-12-31,80,151132,326323,477455
2004-12-31,81,135176,307922,443098
2004-12-31,82,130514,301745,432259
2004-12-31,83,120778,297233,418011
2004-12-31,84,103868,270975,374843
2004-12-31,85,345106,1066210,1411316
2005-12-31,0,351737,334250,685987
2005-12-31,1,363116,344897,708013
2005-12-31,2,364536,346058,710594
2005-12-31,3,371670,352842,724512
2005-12-31,4,380501,361251,741752
2005-12-31,5,396342,378945,775287
2005-12-31,6,399689,377784,777473
2005-12-31,7,406942,386483,793425
2005-12-31,8,419859,398573,818432
2005-12-31,9,412696,391207,803903
2005-12-31,10,399588,379655,779243
2005-12-31,11,405460,383894,789354
2005-12-31,12,421848,400064,821912
2005-12-31,13,431986,411191,843177
2005-12-31,14,449577,427231,876808
2005-12-31,15,495685,469683,965368
2005-12-31,16,490400,466431,956831
2005-12-31,17,505902,479431,985333
2005-12-31,18,497202,470811,968013
2005-12-31,19,490616,469628,960244
2005-12-31,20,478446,461214,939660
2005-12-31,21,481571,465651,947222
2005-12-31,22,488747,475758,964505
2005-12-31,23,506183,492833,999016
2005-12-31,24,506525,496880,1003405
2005-12-31,25,514066,502780,1016846
2005-12-31,26,492166,479690,971856
2005-12-31,27,488365,474272,962637
2005-12-31,28,485035,471175,956210
2005-12-31,29,479426,465102,944528
2005-12-31,30,469159,452937,922096
2005-12-31,31,475355,461443,936798
2005-12-31,32,481713,467383,949096
2005-12-31,33,530540,512006,1042546
2005-12-31,34,587988,564652,1152640
2005-12-31,35,617558,589332,1206890
2005-12-31,36,664394,632033,1296427
2005-12-31,37,696942,662406,1359348
2005-12-31,38,714021,680225,1394246
2005-12-31,39,735710,698521,1434231
2005-12-31,40,743595,700539,1444134
2005-12-31,41,754932,714611,1469543
2005-12-31,42,749747,711854,1461601
2005-12-31,43,725161,692436,1417597
2005-12-31,44,711492,685636,1397128
2005-12-31,45,691817,667622,1359439
2005-12-31,46,670043,646595,1316638
2005-12-31,47,636503,614143,1250646
2005-12-31,48,622901,602868,1225769
2005-12-31,49,606199,590314,1196513
2005-12-31,50,586570,575880,1162450
2005-12-31,51,572961,571229,1144190
2005-12-31,52,553385,556218,1109603
2005-12-31,53,554018,558562,1112580
2005-12-31,54,542729,548016,1090745
2005-12-31,55,545773,551808,1097581
2005-12-31,56,528725,531008,1059733
2005-12-31,57,487152,487288,974440
2005-12-31,58,456725,460947,917672
2005-12-31,59,399642,404389,804031
2005-12-31,60,350375,361334,711709
2005-12-31,61,464868,478453,943321
2005-12-31,62,472283,485608,957891
2005-12-31,63,457759,473999,931758
2005-12-31,64,548943,576402,1125345
2005-12-31,65,573091,610205,1183296
2005-12-31,66,556224,600043,1156267
2005-12-31,67,513752,560888,1074640
2005-12-31,68,473211,524207,997418
2005-12-31,69,451345,511433,962778
2005-12-31,70,427346,492336,919682
2005-12-31,71,388536,455813,844349
2005-12-31,72,305478,367837,673315
2005-12-31,73,294958,365382,660340
2005-12-31,74,290519,371525,662044
2005-12-31,75,293720,388886,682606
2005-12-31,76,272147,374104,646251
2005-12-31,77,258321,366239,624560
2005-12-31,78,220831,344639,565470
2005-12-31,79,194331,341907,536238
2005-12-31,80,172531,335879,508410
2005-12-31,81,139994,310439,450433
2005-12-31,82,123911,290565,414476
2005-12-31,83,118401,282313,400714
2005-12-31,84,108358,275619,383977
2005-12-31,85,379396,1143414,1522810
2006-12-31,0,345871,327261,673132
2006-12-31,1,353014,335484,688498
2006-12-31,2,363343,345015,708358
2006-12-31,3,364253,345966,710219
2006-12-31,4,371355,352584,723939
2006-12-31,5,380209,360808,741017
2006-12-31,6,395419,378131,773550
2006-12-31,7,398890,377147,776037
2006-12-31,8,406485,386045,792530
2006-12-31,9,419518,398184,817702
2006-12-31,10,412448,390896,803344
2006-12-31,11,399472,379605,779077
2006-12-31,12,405387,383858,789245
2006-12-31,13,421711,399963,821674
2006-12-31,14,431875,411169,843044
2006-12-31,15,449737,427383,877120
2006-12-31,16,496034,470136,966170
2006-12-31,17,490401,467093,957494
2006-12-31,18,506409,481015,987424
2006-12-31,19,499275,474881,974156
2006-12-31,20,493441,474955,968396
2006-12-31,21,481576,466182,947758
2006-12-31,22,484761,470196,954957
2006-12-31,23,492372,479663,972035
2006-12-31,24,509267,495857,1005124
2006-12-31,25,508438,498637,1007075
2006-12-31,26,515198,503822,1019020
2006-12-31,27,492853,480458,973311
2006-12-31,28,488566,474773,963339
2006-12-31,29,484883,471500,956383
2006-12-31,30,478862,465317,944179
2006-12-31,31,468482,452830,921312
2006-12-31,32,474552,461317,935869
2006-12-31,33,480739,467249,947988
2006-12-31,34,529595,511643,1041238
2006-12-31,35,586556,564068,1150624
2006-12-31,36,615998,588739,1204737
2006-12-31,37,662583,631261,1293844
2006-12-31,38,695220,661541,1356761
2006-12-31,39,712202,679252,1391454
2006-12-31,40,733688,697539,1431227
2006-12-31,41,741508,699626,1441134
2006-12-31,42,752770,713620,1466390
2006-12-31,43,747781,710969,1458750
2006-12-31,44,722998,691348,1414346
2006-12-31,45,709297,684546,1393843
2006-12-31,46,689437,666531,1355968
2006-12-31,47,667725,645656,1313381
2006-12-31,48,633992,613066,1247058
2006-12-31,49,620101,601655,1221756
2006-12-31,50,603338,588945,1192283
2006-12-31,51,583626,574463,1158089
2006-12-31,52,569604,569755,1139359
2006-12-31,53,549938,554583,1104521
2006-12-31,54,550339,556644,1106983
2006-12-31,55,538887,546045,1084932
2006-12-31,56,541514,549645,1091159
2006-12-31,57,524413,528615,1053028
2006-12-31,58,482700,484907,967607
2006-12-31,59,452112,458611,910723
2006-12-31,60,394862,401890,796752
2006-12-31,61,345715,358695,704410
2006-12-31,62,458794,475121,933915
2006-12-31,63,465461,482173,947634
2006-12-31,64,450735,470500,921235
2006-12-31,65,539849,571855,1111704
2006-12-31,66,562637,605161,1167798
2006-12-31,67,545612,594627,1140239
2006-12-31,68,503219,555338,1058557
2006-12-31,69,462429,518449,980878
2006-12-31,70,440089,505139,945228
2006-12-31,71,415707,485535,901242
2006-12-31,72,377242,449712,826954
2006-12-31,73,295267,361164,656431
2006-12-31,74,284041,358099,642140
2006-12-31,75,278622,363207,641829
2006-12-31,76,280555,379151,659706
2006-12-31,77,258979,364007,622986
2006-12-31,78,244323,354525,598848
2006-12-31,79,207807,332100,539907
2006-12-31,80,181756,327219,508975
2006-12-31,81,160204,319845,480049
2006-12-31,82,128719,293559,422278
2006-12-31,83,112967,272222,385189
2006-12-31,84,106504,262186,368690
2006-12-31,85,416053,1223608,1639661
2007-12-31,0,352042,333453,685495
2007-12-31,1,347455,328687,676142
2007-12-31,2,353441,335740,689181
2007-12-31,3,363391,344951,708342
2007-12-31,4,364085,345799,709884
2007-12-31,5,371069,352205,723274
2007-12-31,6,379380,360006,739386
2007-12-31,7,394904,377665,772569
2007-12-31,8,398459,376795,775254
2007-12-31,9,406162,385635,791797
2007-12-31,10,419200,397925,817125
2007-12-31,11,412363,390731,803094
2007-12-31,12,399515,379607,779122
2007-12-31,13,405421,384000,789421
2007-12-31,14,421620,399990,821610
2007-12-31,15,431939,411302,843241
2007-12-31,16,450160,427952,878112
2007-12-31,17,496271,470763,967034
2007-12-31,18,491413,468729,960142
2007-12-31,19,509360,485075,994435
2007-12-31,20,502778,480153,982931
2007-12-31,21,496898,479695,976593
2007-12-31,22,485096,470500,955596
2007-12-31,23,488323,473978,962301
2007-12-31,24,495459,482620,978079
2007-12-31,25,511541,497751,1009292
2007-12-31,26,509707,499716,1009423
2007-12-31,27,515864,504541,1020405
2007-12-31,28,493236,481008,974244
2007-12-31,29,488262,475104,963366
2007-12-31,30,484351,471512,955863
2007-12-31,31,478507,465423,943930
2007-12-31,32,467936,453009,920945
2007-12-31,33,474059,461615,935674
2007-12-31,34,479911,467091,947002
2007-12-31,35,528748,511639,1040387
2007-12-31,36,585590,563809,1149399
2007-12-31,37,614550,588523,1203073
2007-12-31,38,661455,630833,1292288
2007-12-31,39,693824,660962,1354786
2007-12-31,40,710935,678772,1389707
2007-12-31,41,731986,696885,1428871
2007-12-31,42,739597,698892,1438489
2007-12-31,43,750717,712888,1463605
2007-12-31,44,745694,710184,1455878
2007-12-31,45,720786,690489,1411275
2007-12-31,46,706926,683633,1390559
2007-12-31,47,686940,665618,1352558
2007-12-31,48,665263,644602,1309865
2007-12-31,49,631296,611990,1243286
2007-12-31,50,617202,600404,1217606
2007-12-31,51,600400,587690,1188090
2007-12-31,52,580343,573082,1153425
2007-12-31,53,566096,568263,1134359
2007-12-31,54,546335,552987,1099322
2007-12-31,55,546487,554806,1101293
2007-12-31,56,534729,544006,1078735
2007-12-31,57,537088,547284,1084372
2007-12-31,58,519950,526275,1046225
2007-12-31,59,477922,482486,960408
2007-12-31,60,447098,456020,903118
2007-12-31,61,390005,399253,789258
2007-12-31,62,341101,356288,697389
2007-12-31,63,452247,471819,924066
2007-12-31,64,458450,478647,937097
2007-12-31,65,442995,466711,909706
2007-12-31,66,530309,567150,1097459
2007-12-31,67,551914,599730,1151644
2007-12-31,68,534801,588864,1123665
2007-12-31,69,492253,549297,1041550
2007-12-31,70,451438,512291,963729
2007-12-31,71,428516,498467,926983
2007-12-31,72,403673,478103,881776
2007-12-31,73,365129,442136,807265
2007-12-31,74,284627,354282,638909
2007-12-31,75,272699,350407,623106
2007-12-31,76,266492,354266,620758
2007-12-31,77,267062,368807,635869
2007-12-31,78,244995,352449,597444
2007-12-31,79,229810,341935,571745
2007-12-31,80,194425,318631,513056
2007-12-31,81,168774,311904,480678
2007-12-31,82,147388,302553,449941
2007-12-31,83,117711,275622,393333
2007-12-31,84,101864,253235,355099
2007-12-31,85,448079,1286950,1735029
2008-12-31,0,350238,333112,683350
2008-12-31,1,353354,334851,688205
2008-12-31,2,347780,329015,676795
2008-12-31,3,353345,335710,689055
2008-12-31,4,363038,344729,707767
2008-12-31,5,363599,345362,708961
2008-12-31,6,370107,351257,721364
2008-12-31,7,378734,359523,738257
2008-12-31,8,394540,377391,771931
2008-12-31,9,397982,376502,774484
2008-12-31,10,405688,385292,790980
2008-12-31,11,419004,397755,816759
2008-12-31,12,412249,390619,802868
2008-12-31,13,399477,379503,778980
2008-12-31,14,405384,383966,789350
2008-12-31,15,421727,399998,821725
2008-12-31,16,432430,411724,844154
2008-12-31,17,450343,428229,878572
2008-12-31,18,497197,472023,969220
2008-12-31,19,494064,471895,965959
2008-12-31,20,512704,489685,1002389
2008-12-31,21,505716,483793,989509
2008-12-31,22,499772,482625,982397
2008-12-31,23,487907,472529,960436
2008-12-31,24,490102,475006,965108
2008-12-31,25,496269,482447,978716
2008-12-31,26,511425,496922,1008347
2008-12-31,27,509142,498520,1007662
2008-12-31,28,514771,503289,1018060
2008-12-31,29,491449,479958,971407
2008-12-31,30,486059,473651,959710
2008-12-31,31,482194,470288,952482
2008-12-31,32,476051,464374,940425
2008-12-31,33,465660,452010,917670
2008-12-31,34,471729,460654,932383
2008-12-31,35,477537,466180,943717
2008-12-31,36,526095,510686,1036781
2008-12-31,37,583027,562575,1145602
2008-12-31,38,611682,587420,1199102
2008-12-31,39,658754,629587,1288341
2008-12-31,40,690886,659669,1350555
2008-12-31,41,708225,677554,1385779
2008-12-31,42,728841,695415,1424256
2008-12-31,43,736251,697370,1433621
2008-12-31,44,747336,711352,1458688
2008-12-31,45,742263,708663,1450926
2008-12-31,46,717282,688903,1406185
2008-12-31,47,703370,682092,1385462
2008-12-31,48,683137,663918,1347055
2008-12-31,49,661424,642994,1304418
2008-12-31,50,627430,610172,1237602
2008-12-31,51,613173,598656,1211829
2008-12-31,52,596236,585719,1181955
2008-12-31,53,576007,571166,1147173
2008-12-31,54,561709,566203,1127912
2008-12-31,55,541797,550820,1092617
2008-12-31,56,541674,552396,1094070
2008-12-31,57,529881,541400,1071281
2008-12-31,58,531872,544471,1076343
2008-12-31,59,514517,523388,1037905
2008-12-31,60,472238,479413,951651
2008-12-31,61,441313,452833,894146
2008-12-31,62,384430,396174,780604
2008-12-31,63,335787,353388,689175
2008-12-31,64,445219,467936,913155
2008-12-31,65,450607,474561,925168
2008-12-31,66,434892,462540,897432
2008-12-31,67,520269,561795,1082064
2008-12-31,68,540863,593661,1134524
2008-12-31,69,522969,582400,1105369
2008-12-31,70,480629,542602,1023231
2008-12-31,71,439812,505428,945240
2008-12-31,72,416391,490932,907323
2008-12-31,73,390828,469867,860695
2008-12-31,74,352146,433621,785767
2008-12-31,75,273460,346628,620088
2008-12-31,76,260888,341760,602648
2008-12-31,77,253724,344411,598135
2008-12-31,78,252764,357176,609940
2008-12-31,79,230431,339846,570277
2008-12-31,80,214730,327993,542723
2008-12-31,81,180428,303697,484125
2008-12-31,82,155470,295043,450513
2008-12-31,83,134585,283912,418497
2008-12-31,84,106415,256463,362878
2008-12-31,85,471359,1331017,1802376
2009-12-31,0,341123,324028,665151
2009-12-31,1,352496,335300,687796
2009-12-31,2,354013,335497,689510
2009-12-31,3,348209,329431,677640
2009-12-31,4,353611,335900,689511
2009-12-31,5,363021,344710,707731
2009-12-31,6,363189,344835,708024
2009-12-31,7,369941,351142,721083
2009-12-31,8,378865,359693,738558
2009-12-31,9,394905,377426,772331
2009-12-31,10,397927,376432,774359
2009-12-31,11,405875,385436,791311
2009-12-31,12,418950,397892,816842
2009-12-31,13,412504,390828,803332
2009-12-31,14,399788,379667,779455
2009-12-31,15,405817,384304,790121
2009-12-31,16,422610,400814,823424
2009-12-31,17,433153,412361,845514
2009-12-31,18,452063,429953,882016
2009-12-31,19,500389,475608,975997
2009-12-31,20,497757,476721,974478
2009-12-31,21,516318,494025,1010343
2009-12-31,22,509209,487256,996465
2009-12-31,23,503040,485301,988341
2009-12-31,24,490329,474501,964830
2009-12-31,25,491859,475965,967824
2009-12-31,26,496870,482477,979347
2009-12-31,27,511612,496423,1008035
2009-12-31,28,508608,498097,1006705
2009-12-31,29,513919,502590,1016509
2009-12-31,30,490330,479041,969371
2009-12-31,31,484914,472793,957707
2009-12-31,32,480962,469596,950558
2009-12-31,33,474704,463573,938277
2009-12-31,34,464014,451330,915344
2009-12-31,35,470024,459908,929932
2009-12-31,36,475890,465498,941388
2009-12-31,37,524311,509963,1034274
2009-12-31,38,580988,561491,1142479
2009-12-31,39,609493,586506,1195999
2009-12-31,40,656581,628623,1285204
2009-12-31,41,688729,658758,1347487
2009-12-31,42,705821,676304,1382125
2009-12-31,43,726163,694090,1420253
2009-12-31,44,733391,696120,1429511
2009-12-31,45,744291,709974,1454265
2009-12-31,46,738914,707289,1446203
2009-12-31,47,713714,687370,1401084
2009-12-31,48,699654,680622,1380276
2009-12-31,49,679340,662142,1341482
2009-12-31,50,657540,641315,1298855
2009-12-31,51,623565,608499,1232064
2009-12-31,52,609034,596823,1205857
2009-12-31,53,591888,583856,1175744
2009-12-31,54,571611,569076,1140687
2009-12-31,55,557049,563944,1120993
2009-12-31,56,537122,548498,1085620
2009-12-31,57,536565,549820,1086385
2009-12-31,58,524646,538612,1063258
2009-12-31,59,526114,541542,1067656
2009-12-31,60,508248,520044,1028292
2009-12-31,61,466155,476138,942293
2009-12-31,62,435203,449505,884708
2009-12-31,63,378607,393103,771710
2009-12-31,64,330247,350344,680591
2009-12-31,65,437521,463951,901472
2009-12-31,66,442578,470036,912614
2009-12-31,67,426616,457964,884580
2009-12-31,68,509671,556071,1065742
2009-12-31,69,529015,587086,1116101
2009-12-31,70,510422,575380,1085802
2009-12-31,71,468385,535445,1003830
2009-12-31,72,427391,497957,925348
2009-12-31,73,403518,482874,886392
2009-12-31,74,377500,461052,838552
2009-12-31,75,338674,424591,763265
2009-12-31,76,261773,338072,599845
2009-12-31,77,248573,332456,581029
2009-12-31,78,240357,333603,573960
2009-12-31,79,238101,344416,582517
2009-12-31,80,215399,326018,541417
2009-12-31,81,199384,312767,512151
2009-12-31,82,166039,287661,453700
2009-12-31,83,141915,277077,418992
2009-12-31,84,121630,264005,385635
2009-12-31,85,495352,1373446,1868798
2010-12-31,0,347291,330942,678233
2010-12-31,1,343878,326736,670614
2010-12-31,2,353694,336424,690118
2010-12-31,3,354795,336393,691188
2010-12-31,4,348845,330122,678967
2010-12-31,5,354135,336366,690501
2010-12-31,6,363039,344730,707769
2010-12-31,7,363418,345167,708585
2010-12-31,8,370412,351567,721979
2010-12-31,9,379376,360135,739511
2010-12-31,10,395340,377989,773329
2010-12-31,11,398450,376939,775389
2010-12-31,12,406415,385914,792329
2010-12-31,13,419616,398502,818118
2010-12-31,14,413187,391384,804571
2010-12-31,15,400693,380376,781069
2010-12-31,16,407439,385429,792868
2010-12-31,17,423980,401771,825751
2010-12-31,18,435565,414616,850181
2010-12-31,19,456152,434373,890525
2010-12-31,20,505434,481665,987099
2010-12-31,21,502938,482396,985334
2010-12-31,22,521333,498686,1020019
2010-12-31,23,514675,491631,1006306
2010-12-31,24,508054,489179,997233
2010-12-31,25,494790,477106,971896
2010-12-31,26,495595,478024,973619
2010-12-31,27,499550,484116,983666
2010-12-31,28,513943,497789,1011732
2010-12-31,29,510581,499092,1009673
2010-12-31,30,515577,503522,1019099
2010-12-31,31,491924,479744,971668
2010-12-31,32,485901,473763,959664
2010-12-31,33,482020,470337,952357
2010-12-31,34,475485,464293,939778
2010-12-31,35,464681,451911,916592
2010-12-31,36,470865,460313,931178
2010-12-31,37,476085,465648,941733
2010-12-31,38,524490,510062,1034552
2010-12-31,39,581073,561716,1142789
2010-12-31,40,609295,586579,1195874
2010-12-31,41,656427,628655,1285082
2010-12-31,42,688072,658459,1346531
2010-12-31,43,705166,676106,1381272
2010-12-31,44,725180,693636,1418816
2010-12-31,45,731959,695571,1427530
2010-12-31,46,742737,709414,1452151
2010-12-31,47,737008,706301,1443309
2010-12-31,48,711575,686377,1397952
2010-12-31,49,697302,679481,1376783
2010-12-31,50,676694,660821,1337515
2010-12-31,51,654642,639936,1294578
2010-12-31,52,620500,607133,1227633
2010-12-31,53,605750,595158,1200908
2010-12-31,54,588296,582045,1170341
2010-12-31,55,567678,567198,1134876
2010-12-31,56,553081,561824,1114905
2010-12-31,57,532758,546330,1079088
2010-12-31,58,531867,547492,1079359
2010-12-31,59,519662,536125,1055787
2010-12-31,60,520533,538473,1059006
2010-12-31,61,502297,516862,1019159
2010-12-31,62,460385,472852,933237
2010-12-31,63,429163,446275,875438
2010-12-31,64,372612,389985,762597
2010-12-31,65,324635,347099,671734
2010-12-31,66,429930,459736,889666
2010-12-31,67,434219,465565,899784
2010-12-31,68,418326,453304,871630
2010-12-31,69,498967,550130,1049097
2010-12-31,70,516701,580197,1096898
2010-12-31,71,497807,568086,1065893
2010-12-31,72,455661,527980,983641
2010-12-31,73,414821,490097,904918
2010-12-31,74,390102,474170,864272
2010-12-31,75,363628,451590,815218
2010-12-31,76,324896,414516,739412
2010-12-31,77,249832,328934,578766
2010-12-31,78,235980,322104,558084
2010-12-31,79,226707,321904,548611
2010-12-31,80,222904,330865,553769
2010-12-31,81,200258,311284,511542
2010-12-31,82,183729,296543,480272
2010-12-31,83,152112,270480,422592
2010-12-31,84,128630,258162,386792
2010-12-31,85,531227,1420475,1951702
2011-12-31,0,337491,320841,658332
2011-12-31,1,347809,331427,679236
2011-12-31,2,343588,325991,669579
2011-12-31,3,353487,336204,689691
2011-12-31,4,354101,335647,689748
2011-12-31,5,348046,329292,677338
2011-12-31,6,352481,334787,687268
2011-12-31,7,362049,343904,705953
2011-12-31,8,362379,344265,706644
2011-12-31,9,369640,350483,720123
2011-12-31,10,379094,358677,737771
2011-12-31,11,395373,375808,771181
2011-12-31,12,397227,376312,773539
2011-12-31,13,405287,385472,790759
2011-12-31,14,418001,397843,815844
2011-12-31,15,411488,390419,801907
2011-12-31,16,399529,379122,778651
2011-12-31,17,405181,384207,789388
2011-12-31,18,420300,399178,819478
2011-12-31,19,428585,409937,838522
2011-12-31,20,449237,430391,879628
2011-12-31,21,497885,476995,974880
2011-12-31,22,494404,475624,970028
2011-12-31,23,512860,492088,1004948
2011-12-31,24,506758,485835,992593
2011-12-31,25,499365,483393,982758
2011-12-31,26,484494,470021,954515
2011-12-31,27,485568,471646,957214
2011-12-31,28,489574,477411,966985
2011-12-31,29,502860,491075,993935
2011-12-31,30,498101,492539,990640
2011-12-31,31,499241,495397,994638
2011-12-31,32,477058,473287,950345
2011-12-31,33,472233,467930,940163
2011-12-31,34,469563,464605,934168
2011-12-31,35,460545,458118,918663
2011-12-31,36,449668,445255,894923
2011-12-31,37,456093,454315,910408
2011-12-31,38,461806,459567,921373
2011-12-31,39,504448,499631,1004079
2011-12-31,40,559335,551398,1110733
2011-12-31,41,581744,573174,1154918
2011-12-31,42,629955,615826,1245781
2011-12-31,43,661704,646200,1307904
2011-12-31,44,681421,665873,1347294
2011-12-31,45,703638,685674,1389312
2011-12-31,46,708958,687675,1396633
2011-12-31,47,722224,702860,1425084
2011-12-31,48,716915,698687,1415602
2011-12-31,49,692770,679359,1372129
2011-12-31,50,681686,672778,1354464
2011-12-31,51,658318,651174,1309492
2011-12-31,52,641076,634292,1275368
2011-12-31,53,605312,600035,1205347
2011-12-31,54,590934,588475,1179409
2011-12-31,55,572971,574344,1147315
2011-12-31,56,552415,560430,1112845
2011-12-31,57,537623,554749,1092372
2011-12-31,58,517896,539432,1057328
2011-12-31,59,516469,539263,1055732
2011-12-31,60,505374,528753,1034127
2011-12-31,61,504199,528754,1032953
2011-12-31,62,488439,510179,998618
2011-12-31,63,446402,465029,911431
2011-12-31,64,415921,438520,854441
2011-12-31,65,360573,383150,743723
2011-12-31,66,311783,339695,651478
2011-12-31,67,415717,451702,867419
2011-12-31,68,419615,457085,876700
2011-12-31,69,402603,442821,845424
2011-12-31,70,480974,539956,1020930
2011-12-31,71,496958,568121,1065079
2011-12-31,72,479613,558229,1037842
2011-12-31,73,437250,516031,953281
2011-12-31,74,396644,478768,875412
2011-12-31,75,370645,460002,830647
2011-12-31,76,344499,438410,782909
2011-12-31,77,305868,399917,705785
2011-12-31,78,233524,316284,549808
2011-12-31,79,219102,308721,527823
2011-12-31,80,208649,306544,515193
2011-12-31,81,203389,313686,517075
2011-12-31,82,182267,293571,475838
2011-12-31,83,164421,276851,441272
2011-12-31,84,134331,249722,384053
2011-12-31,85,504926,1430815,1935741
2012-12-31,0,345987,328424,674411
2012-12-31,1,341450,324398,665848
2012-12-31,2,350534,333776,684310
2012-12-31,3,345843,328157,674000
2012-12-31,4,355497,338176,693673
2012-12-31,5,355946,337377,693323
2012-12-31,6,349430,330494,679924
2012-12-31,7,354047,336208,690255
2012-12-31,8,363634,345307,708941
2012-12-31,9,364094,345772,709866
2012-12-31,10,371262,351900,723162
2012-12-31,11,380625,360084,740709
2012-12-31,12,397086,377333,774419
2012-12-31,13,398743,377762,776505
2012-12-31,14,406763,386794,793557
2012-12-31,15,419850,399231,819081
2012-12-31,16,413981,392199,806180
2012-12-31,17,401881,380842,782723
2012-12-31,18,409325,387726,797051
2012-12-31,19,427173,405897,833070
2012-12-31,20,436659,418170,854829
2012-12-31,21,457637,438410,896047
2012-12-31,22,506959,485243,992202
2012-12-31,23,504480,484370,988850
2012-12-31,24,522826,499927,1022753
2012-12-31,25,516186,492943,1009129
2012-12-31,26,508240,489744,997984
2012-12-31,27,492650,475815,968465
2012-12-31,28,493215,476747,969962
2012-12-31,29,496340,481999,978339
2012-12-31,30,509069,495268,1004337
2012-12-31,31,503976,496479,1000455
2012-12-31,32,504384,499255,1003639
2012-12-31,33,482236,476648,958884
2012-12-31,34,476846,470965,947811
2012-12-31,35,473924,467494,941418
2012-12-31,36,464830,460737,925567
2012-12-31,37,453873,447891,901764
2012-12-31,38,459627,456664,916291
2012-12-31,39,465095,461881,926976
2012-12-31,40,507509,501782,1009291
2012-12-31,41,562426,553128,1115554
2012-12-31,42,584257,574871,1159128
2012-12-31,43,632277,617164,1249441
2012-12-31,44,663538,647571,1311109
2012-12-31,45,682713,667014,1349727
2012-12-31,46,704379,686405,1390784
2012-12-31,47,709241,688004,1397245
2012-12-31,48,722309,703098,1425407
2012-12-31,49,716393,698645,1415038
2012-12-31,50,691967,679132,1371099
2012-12-31,51,680451,672380,1352831
2012-12-31,52,656755,650605,1307360
2012-12-31,53,639144,633395,1272539
2012-12-31,54,603042,599063,1202105
2012-12-31,55,588349,587365,1175714
2012-12-31,56,569966,572893,1142859
2012-12-31,57,548968,558701,1107669
2012-12-31,58,533700,552881,1086581
2012-12-31,59,513489,537307,1050796
2012-12-31,60,511566,536691,1048257
2012-12-31,61,500160,526007,1026167
2012-12-31,62,498521,525646,1024167
2012-12-31,63,482106,506993,989099
2012-12-31,64,440203,461711,901914
2012-12-31,65,409528,435041,844569
2012-12-31,66,354444,379811,734255
2012-12-31,67,306329,336545,642874
2012-12-31,68,407759,447193,854952
2012-12-31,69,411093,452372,863465
2012-12-31,70,393870,437776,831646
2012-12-31,71,469677,533179,1002856
2012-12-31,72,484252,560362,1044614
2012-12-31,73,465943,549981,1015924
2012-12-31,74,423782,507450,931232
2012-12-31,75,383067,469763,852830
2012-12-31,76,356626,449952,806578
2012-12-31,77,329803,427405,757208
2012-12-31,78,291345,388458,679803
2012-12-31,79,220938,305692,526630
2012-12-31,80,205791,296941,502732
2012-12-31,81,194328,293235,487563
2012-12-31,82,187993,297883,485876
2012-12-31,83,166713,276704,443417
2012-12-31,84,148968,258276,407244
2012-12-31,85,543095,1455792,1998887
2013-12-31,0,350282,332788,683070
2013-12-31,1,351068,333269,684337
2013-12-31,2,344706,327618,672324
2013-12-31,3,353478,336633,690111
2013-12-31,4,348767,330883,679650
2013-12-31,5,358151,340856,699007
2013-12-31,6,358017,339320,697337
2013-12-31,7,351653,332667,684320
2013-12-31,8,356195,338362,694557
2013-12-31,9,365864,347475,713339
2013-12-31,10,366240,347814,714054
2013-12-31,11,373361,353805,727166
2013-12-31,12,382694,361982,744676
2013-12-31,13,399112,379174,778286
2013-12-31,14,400750,379448,780198
2013-12-31,15,408980,388627,797607
2013-12-31,16,422872,401418,824290
2013-12-31,17,416947,394253,811200
2013-12-31,18,408153,385137,793290
2013-12-31,19,418858,395252,814110
2013-12-31,20,436867,415251,852118
2013-12-31,21,446567,426913,873480
2013-12-31,22,467865,446854,914719
2013-12-31,23,518724,494482,1013206
2013-12-31,24,515501,493007,1008508
2013-12-31,25,533628,507705,1041333
2013-12-31,26,526086,499767,1025853
2013-12-31,27,517476,495944,1013420
2013-12-31,28,501364,481596,982960
2013-12-31,29,500818,482042,982860
2013-12-31,30,503255,486678,989933
2013-12-31,31,515210,499939,1015149
2013-12-31,32,509577,500479,1010056
2013-12-31,33,510197,503081,1013278
2013-12-31,34,487231,480322,967553
2013-12-31,35,481572,474474,956046
2013-12-31,36,478577,470570,949147
2013-12-31,37,469018,463710,932728
2013-12-31,38,457821,450630,908451
2013-12-31,39,463438,459295,922733
2013-12-31,40,468173,464328,932501
2013-12-31,41,510639,504019,1014658
2013-12-31,42,565145,555059,1120204
2013-12-31,43,586640,576696,1163336
2013-12-31,44,634234,618966,1253200
2013-12-31,45,665347,649023,1314370
2013-12-31,46,683925,668124,1352049
2013-12-31,47,704848,687004,1391852
2013-12-31,48,709382,688428,1397810
2013-12-31,49,722133,703380,1425513
2013-12-31,50,715616,698830,1414446
2013-12-31,51,690842,678865,1369707
2013-12-31,52,678840,671885,1350725
2013-12-31,53,654794,649900,1304694
2013-12-31,54,636781,632505,1269286
2013-12-31,55,600210,598011,1198221
2013-12-31,56,585174,585935,1171109
2013-12-31,57,566492,571272,1137764
2013-12-31,58,544901,556882,1101783
2013-12-31,59,529193,550822,1080015
2013-12-31,60,508704,534936,1043640
2013-12-31,61,506181,533996,1040177
2013-12-31,62,494624,523143,1017767
2013-12-31,63,492253,522229,1014482
2013-12-31,64,475445,503439,978884
2013-12-31,65,433448,457923,891371
2013-12-31,66,402581,431202,833783
2013-12-31,67,348044,376186,724230
2013-12-31,68,300284,333074,633358
2013-12-31,69,399393,442260,841653
2013-12-31,70,402015,447112,849127
2013-12-31,71,384523,432185,816708
2013-12-31,72,457559,525888,983447
2013-12-31,73,470617,551988,1022605
2013-12-31,74,451644,540789,992433
2013-12-31,75,409514,498126,907640
2013-12-31,76,368683,459667,828350
2013-12-31,77,341630,438833,780463
2013-12-31,78,314317,415265,729582
2013-12-31,79,276006,375694,651700
2013-12-31,80,207639,294008,501647
2013-12-31,81,192103,284116,476219
2013-12-31,82,179748,278556,458304
2013-12-31,83,171834,280616,452450
2013-12-31,84,150781,258308,409089
2013-12-31,85,587104,1481547,2068651
2014-12-31,0,367563,348856,716419
2014-12-31,1,357015,338900,695915
2014-12-31,2,356316,338053,694369
2014-12-31,3,349198,331911,681109
2014-12-31,4,357848,340751,698599
2014-12-31,5,353123,334728,687851
2014-12-31,6,361899,344281,706180
2014-12-31,7,361652,342682,704334
2014-12-31,8,355412,336078,691490
2014-12-31,9,359878,341745,701623
2014-12-31,10,369406,350616,720022
2014-12-31,11,369612,350910,720522
2014-12-31,12,376432,356637,733069
2014-12-31,13,385989,364876,750865
2014-12-31,14,402305,382051,784356
2014-12-31,15,404519,382142,786661
2014-12-31,16,414362,391637,805999
2014-12-31,17,428231,404406,832637
2014-12-31,18,426521,399698,826219
2014-12-31,19,421020,394252,815272
2014-12-31,20,432716,406457,839173
2014-12-31,21,450035,424922,874957
2014-12-31,22,459824,436098,895922
2014-12-31,23,481990,456828,938818
2014-12-31,24,533339,504119,1037458
2014-12-31,25,528866,501825,1030691
2014-12-31,26,546727,515448,1062175
2014-12-31,27,537339,507022,1044361
2014-12-31,28,528076,502548,1030624
2014-12-31,29,511013,487962,998975
2014-12-31,30,509925,487995,997920
2014-12-31,31,510873,492174,1003047
2014-12-31,32,522297,505038,1027335
2014-12-31,33,516101,505079,1021180
2014-12-31,34,516859,507740,1024599
2014-12-31,35,492886,484850,977736
2014-12-31,36,487057,478458,965515
2014-12-31,37,483642,474312,957954
2014-12-31,38,473637,467299,940936
2014-12-31,39,462223,454252,916475
2014-12-31,40,467677,462502,930179
2014-12-31,41,471883,467300,939183
2014-12-31,42,514066,506780,1020846
2014-12-31,43,567973,557547,1125520
2014-12-31,44,589545,579006,1168551
2014-12-31,45,636515,620979,1257494
2014-12-31,46,667294,650747,1318041
2014-12-31,47,685436,669462,1354898
2014-12-31,48,705545,687907,1393452
2014-12-31,49,709406,689133,1398539
2014-12-31,50,721521,703668,1425189
2014-12-31,51,714491,698833,1413324
2014-12-31,52,689365,678727,1368092
2014-12-31,53,676981,671413,1348394
2014-12-31,54,652446,649207,1301653
2014-12-31,55,633996,631628,1265624
2014-12-31,56,597118,596851,1193969
2014-12-31,57,581600,584477,1166077
2014-12-31,58,562594,569613,1132207
2014-12-31,59,540425,554830,1095255
2014-12-31,60,524440,548380,1072820
2014-12-31,61,503398,532319,1035717
2014-12-31,62,500343,531306,1031649
2014-12-31,63,488275,519980,1008255
2014-12-31,64,485673,518863,1004536
2014-12-31,65,468215,499605,967820
2014-12-31,66,426282,454034,880316
2014-12-31,67,395698,427281,822979
2014-12-31,68,341543,372468,714011
2014-12-31,69,294231,329537,623768
2014-12-31,70,390745,437094,827839
2014-12-31,71,392647,441561,834208
2014-12-31,72,375001,426336,801337
2014-12-31,73,444900,518233,963133
2014-12-31,74,456567,543130,999697
2014-12-31,75,436973,531233,968206
2014-12-31,76,394993,487891,882884
2014-12-31,77,354121,449056,803177
2014-12-31,78,326505,427041,753546
2014-12-31,79,298913,402579,701492
2014-12-31,80,260419,362291,622710
2014-12-31,81,194658,281809,476467
2014-12-31,82,178403,270703,449106
2014-12-31,83,165283,263433,428716
2014-12-31,84,156351,263352,419703
2014-12-31,85,631277,1516319,2147596
2015-12-31,0,382551,362170,744721
2015-12-31,1,380101,359977,740078
2015-12-31,2,367786,347822,715608
2015-12-31,3,366762,346995,713757
2015-12-31,4,359093,340289,699382
2015-12-31,5,367898,348965,716863
2015-12-31,6,362274,342442,704716
2015-12-31,7,371378,351988,723366
2015-12-31,8,370501,349951,720452
2015-12-31,9,363739,342778,706517
2015-12-31,10,368339,348360,716699
2015-12-31,11,377066,356632,733698
2015-12-31,12,377366,356615,733981
2015-12-31,13,384238,362053,746291
2015-12-31,14,394959,370038,764997
2015-12-31,15,414430,387785,802215
2015-12-31,16,423269,388025,811294
2015-12-31,17,433447,397595,831042
2015-12-31,18,459532,413639,873171
2015-12-31,19,458792,413450,872242
2015-12-31,20,454777,410082,864859
2015-12-31,21,462645,420269,882914
2015-12-31,22,479967,438088,918055
2015-12-31,23,490304,450279,940583
2015-12-31,24,510875,470592,981467
2015-12-31,25,564094,517414,1081508
2015-12-31,26,555439,514168,1069607
2015-12-31,27,571878,527199,1099077
2015-12-31,28,559651,517800,1077451
2015-12-31,29,547653,512385,1060038
2015-12-31,30,530264,498019,1028283
2015-12-31,31,526211,497203,1023414
2015-12-31,32,525713,500561,1026274
2015-12-31,33,536345,512875,1049220
2015-12-31,34,528536,512133,1040669
2015-12-31,35,530571,515394,1045965
2015-12-31,36,503981,491704,995685
2015-12-31,37,497251,484559,981810
2015-12-31,38,493218,480310,973528
2015-12-31,39,482259,472497,954756
2015-12-31,40,470864,459589,930453
2015-12-31,41,475238,467556,942794
2015-12-31,42,478608,472076,950684
2015-12-31,43,520434,510837,1031271
2015-12-31,44,573664,561222,1134886
2015-12-31,45,594848,582482,1177330
2015-12-31,46,640979,624114,1265093
2015-12-31,47,671085,653581,1324666
2015-12-31,48,688363,671607,1359970
2015-12-31,49,707270,689375,1396645
2015-12-31,50,710458,690454,1400912
2015-12-31,51,721941,704276,1426217
2015-12-31,52,714227,699283,1413510
2015-12-31,53,688648,678752,1367400
2015-12-31,54,675553,671173,1346726
2015-12-31,55,650555,648841,1299396
2015-12-31,56,631174,630592,1261766
2015-12-31,57,594323,595821,1190144
2015-12-31,58,577953,582959,1160912
2015-12-31,59,558486,567936,1126422
2015-12-31,60,536080,552816,1088896
2015-12-31,61,519384,545713,1065097
2015-12-31,62,498035,529608,1027643
2015-12-31,63,494051,528204,1022255
2015-12-31,64,481708,516457,998165
2015-12-31,65,478436,515108,993544
2015-12-31,66,460601,495342,955943
2015-12-31,67,418628,449827,868455
2015-12-31,68,388193,423014,811207
2015-12-31,69,334464,368271,702735
2015-12-31,70,287518,325616,613134
2015-12-31,71,381396,431418,812814
2015-12-31,72,382470,435355,817825
2015-12-31,73,364626,419698,784324
2015-12-31,74,431361,509735,941096
2015-12-31,75,441132,533183,974315
2015-12-31,76,420883,520075,940958
2015-12-31,77,379043,476392,855435
2015-12-31,78,338294,436966,775260
2015-12-31,79,310317,413613,723930
2015-12-31,80,281699,387957,669656
2015-12-31,81,243568,347107,590675
2015-12-31,82,180373,268040,448413
2015-12-31,83,163714,255410,419124
2015-12-31,84,150123,246421,396544
2015-12-31,85,668202,1536589,2204791
2016-12-31,0,403564,384735,788299
2016-12-31,1,391699,370820,762519
2016-12-31,2,386856,366361,753217
2016-12-31,3,373724,353479,727203
2016-12-31,4,372745,352463,725208
2016-12-31,5,364483,345166,709649
2016-12-31,6,372791,353199,725990
2016-12-31,7,367520,347094,714614
2016-12-31,8,376926,356978,733904
2016-12-31,9,375470,354300,729770
2016-12-31,10,368644,346854,715498
2016-12-31,11,372775,352305,725080
2016-12-31,12,381238,360196,741434
2016-12-31,13,381743,360084,741827
2016-12-31,14,389122,365234,754356
2016-12-31,15,401366,373495,774861
2016-12-31,16,425176,391999,817175
2016-12-31,17,437671,391987,829658
2016-12-31,18,448700,403949,852649
2016-12-31,19,474485,424041,898526
2016-12-31,20,472015,424854,896869
2016-12-31,21,464476,419395,883871
2016-12-31,22,472217,428110,900327
2016-12-31,23,488896,446961,935857
2016-12-31,24,498326,458781,957107
2016-12-31,25,517835,478296,996131
2016-12-31,26,569618,524395,1094013
2016-12-31,27,560561,520945,1081506
2016-12-31,28,576162,532729,1108891
2016-12-31,29,562929,523286,1086215
2016-12-31,30,550259,517944,1068203
2016-12-31,31,532987,503341,1036328
2016-12-31,32,528086,501801,1029887
2016-12-31,33,527169,505012,1032181
2016-12-31,34,537679,516797,1054476
2016-12-31,35,529587,515876,1045463
2016-12-31,36,531441,519009,1050450
2016-12-31,37,504917,494747,999664
2016-12-31,38,497865,487725,985590
2016-12-31,39,493796,483075,976871
2016-12-31,40,482589,475288,957877
2016-12-31,41,471244,461879,933123
2016-12-31,42,475382,469802,945184
2016-12-31,43,478790,474234,953024
2016-12-31,44,520352,512426,1032778
2016-12-31,45,573121,562689,1135810
2016-12-31,46,594048,583694,1177742
2016-12-31,47,639442,624889,1264331
2016-12-31,48,669654,654117,1323771
2016-12-31,49,686478,671780,1358258
2016-12-31,50,704842,689115,1393957
2016-12-31,51,707768,689985,1397753
2016-12-31,52,718576,703375,1421951
2016-12-31,53,710558,698174,1408732
2016-12-31,54,684508,677406,1361914
2016-12-31,55,670968,669440,1340408
2016-12-31,56,646119,647001,1293120
2016-12-31,57,626157,628398,1254555
2016-12-31,58,589191,593393,1182584
2016-12-31,59,572312,580147,1152459
2016-12-31,60,552474,565179,1117653
2016-12-31,61,530011,549761,1079772
2016-12-31,62,513037,542480,1055517
2016-12-31,63,491105,526042,1017147
2016-12-31,64,486830,524361,1011191
2016-12-31,65,473859,512258,986117
2016-12-31,66,470070,510567,980637
2016-12-31,67,452030,490517,942547
2016-12-31,68,410508,445053,855561
2016-12-31,69,380141,418298,798439
2016-12-31,70,326626,363537,690163
2016-12-31,71,280396,321149,601545
2016-12-31,72,371321,425271,796592
2016-12-31,73,371729,428679,800408
2016-12-31,74,353642,412587,766229
2016-12-31,75,417244,500246,917490
2016-12-31,76,425109,522375,947484
2016-12-31,77,404467,508305,912772
2016-12-31,78,362215,463957,826172
2016-12-31,79,321645,423994,745639
2016-12-31,80,293429,399061,692490
2016-12-31,81,264228,372326,636554
2016-12-31,82,226608,330744,557352
2016-12-31,83,166139,253704,419843
2016-12-31,84,149137,239595,388732
2016-12-31,85,697500,1549439,2246939
2017-12-31,0,402569,382505,785074
2017-12-31,1,407765,388384,796149
2017-12-31,2,395923,374705,770628
2017-12-31,3,390784,370084,760868
2017-12-31,4,377177,356882,734059
2017-12-31,5,376371,355717,732088
2017-12-31,6,367598,347930,715528
2017-12-31,7,376147,356439,732586
2017-12-31,8,370796,350372,721168
2017-12-31,9,380506,360340,740846
2017-12-31,10,378707,357375,736082
2017-12-31,11,371956,349789,721745
2017-12-31,12,375806,355014,730820
2017-12-31,13,384110,362780,746890
2017-12-31,14,384680,362548,747228
2017-12-31,15,392357,367881,760238
2017-12-31,16,405608,376356,781964
2017-12-31,17,429432,394753,824185
2017-12-31,18,444730,397216,841946
2017-12-31,19,459185,413049,872234
2017-12-31,20,483514,434650,918164
2017-12-31,21,479705,434280,913985
2017-12-31,22,472326,427501,899827
2017-12-31,23,480760,437546,918306
2017-12-31,24,496771,455461,952232
2017-12-31,25,505167,466443,971610
2017-12-31,26,524279,485393,1009672
2017-12-31,27,574870,530790,1105660
2017-12-31,28,565458,527097,1092555
2017-12-31,29,580048,538535,1118583
2017-12-31,30,566445,528288,1094733
2017-12-31,31,553350,522536,1075886
2017-12-31,32,535742,507806,1043548
2017-12-31,33,530930,505949,1036879
2017-12-31,34,530230,508976,1039206
2017-12-31,35,539828,520393,1060221
2017-12-31,36,531888,519324,1051212
2017-12-31,37,533983,522512,1056495
2017-12-31,38,507117,497611,1004728
2017-12-31,39,499977,490577,990554
2017-12-31,40,495718,485768,981486
2017-12-31,41,484721,478122,962843
2017-12-31,42,473070,464448,937518
2017-12-31,43,477311,472346,949657
2017-12-31,44,480406,476447,956853
2017-12-31,45,521427,514160,1035587
2017-12-31,46,573950,564343,1138293
2017-12-31,47,594683,584985,1179668
2017-12-31,48,639853,625809,1265662
2017-12-31,49,669314,654763,1324077
2017-12-31,50,685715,672112,1357827
2017-12-31,51,703280,689020,1392300
2017-12-31,52,705583,689495,1395078
2017-12-31,53,715918,702531,1418449
2017-12-31,54,707493,696898,1404391
2017-12-31,55,681241,675841,1357082
2017-12-31,56,667103,667542,1334645
2017-12-31,57,642005,644986,1286991
2017-12-31,58,621641,625938,1247579
2017-12-31,59,584304,590915,1175219
2017-12-31,60,566996,577318,1144314
2017-12-31,61,546690,561979,1108669
2017-12-31,62,523842,546495,1070337
2017-12-31,63,506353,538981,1045334
2017-12-31,64,484109,522290,1006399
2017-12-31,65,479386,520296,999682
2017-12-31,66,465700,507989,973689
2017-12-31,67,461795,505726,967521
2017-12-31,68,443368,485519,928887
2017-12-31,69,401902,440013,841915
2017-12-31,70,371672,413143,784815
2017-12-31,71,318537,358370,676907
2017-12-31,72,272933,316369,589302
2017-12-31,73,360766,418242,779008
2017-12-31,74,360584,421293,781877
2017-12-31,75,342076,404830,746906
2017-12-31,76,402378,490065,892443
2017-12-31,77,408245,510363,918608
2017-12-31,78,387037,495420,882457
2017-12-31,79,344699,450310,795009
2017-12-31,80,304436,409364,713800
2017-12-31,81,275597,383119,658716
2017-12-31,82,245984,355053,601037
2017-12-31,83,208971,312984,521955
2017-12-31,84,151681,238023,389704
2017-12-31,85,718497,1546976,2265473
2018-12-31,0,402082,381896,783978
2018-12-31,1,408361,388013,796374
2018-12-31,2,410978,391673,802651
2018-12-31,3,398943,377820,776763
2018-12-31,4,393733,372898,766631
2018-12-31,5,380099,359630,739729
2018-12-31,6,378881,357868,736749
2018-12-31,7,370192,350421,720613
2018-12-31,8,379116,359122,738238
2018-12-31,9,373887,353022,726909
2018-12-31,10,383341,363004,746345
2018-12-31,11,381581,359949,741530
2018-12-31,12,374579,352344,726923
2018-12-31,13,378368,357392,735760
2018-12-31,14,386561,365061,751622
2018-12-31,15,387438,364913,752351
2018-12-31,16,395934,370583,766517
2018-12-31,17,408869,378876,787745
2018-12-31,18,435928,399834,835762
2018-12-31,19,454530,406572,861102
2018-12-31,20,467967,423692,891659
2018-12-31,21,491057,443461,934518
2018-12-31,22,487046,442477,929523
2018-12-31,23,480366,436558,916924
2018-12-31,24,488576,446072,934648
2018-12-31,25,503960,463132,967092
2018-12-31,26,511892,473472,985364
2018-12-31,27,530016,491903,1021919
2018-12-31,28,579978,536481,1116459
2018-12-31,29,570090,532411,1102501
2018-12-31,30,584198,543391,1127589
2018-12-31,31,570259,533376,1103635
2018-12-31,32,556951,526706,1083657
2018-12-31,33,538944,511849,1050793
2018-12-31,34,533729,509626,1043355
2018-12-31,35,532794,512390,1045184
2018-12-31,36,542053,523622,1065675
2018-12-31,37,534163,522353,1056516
2018-12-31,38,535440,525329,1060769
2018-12-31,39,508867,500405,1009272
2018-12-31,40,501847,493223,995070
2018-12-31,41,497409,488232,985641
2018-12-31,42,486195,480318,966513
2018-12-31,43,474698,466735,941433
2018-12-31,44,478809,474272,953081
2018-12-31,45,481345,478323,959668
2018-12-31,46,522398,515871,1038269
2018-12-31,47,574308,565711,1140019
2018-12-31,48,594783,585955,1180738
2018-12-31,49,639383,626442,1265825
2018-12-31,50,668504,655193,1323697
2018-12-31,51,684228,671992,1356220
2018-12-31,52,701292,688474,1389766
2018-12-31,53,703108,688686,1391794
2018-12-31,54,713090,701381,1414471
2018-12-31,55,703977,695389,1399366
2018-12-31,56,677539,674050,1351589
2018-12-31,57,662644,665293,1327937
2018-12-31,58,637082,642613,1279695
2018-12-31,59,616432,623199,1239631
2018-12-31,60,578689,587953,1166642
2018-12-31,61,560949,574142,1135091
2018-12-31,62,540345,558648,1098993
2018-12-31,63,516948,542697,1059645
2018-12-31,64,498794,534749,1033543
2018-12-31,65,476419,517881,994300
2018-12-31,66,471077,515496,986573
2018-12-31,67,457083,503090,960173
2018-12-31,68,452873,500441,953314
2018-12-31,69,434182,479955,914137
2018-12-31,70,392831,434360,827191
2018-12-31,71,362555,407525,770080
2018-12-31,72,309855,352989,662844
2018-12-31,73,265056,310937,575993
2018-12-31,74,349589,410848,760437
2018-12-31,75,348468,413063,761531
2018-12-31,76,329782,396284,726066
2018-12-31,77,386471,478586,865057
2018-12-31,78,390499,497105,887604
2018-12-31,79,368391,480735,849126
2018-12-31,80,326093,435137,761230
2018-12-31,81,285975,393435,679410
2018-12-31,82,256856,365701,622557
2018-12-31,83,227215,336350,563565
2018-12-31,84,190985,293850,484835
2018-12-31,85,737893,1539616,2277509
2019-12-31,0,397560,377310,774870
2019-12-31,1,407210,386922,794132
2019-12-31,2,411575,390840,802415
2019-12-31,3,413588,394228,807816
2019-12-31,4,401776,380367,782143
2019-12-31,5,396168,375311,771479
2019-12-31,6,382282,361672,743954
2019-12-31,7,381535,360434,741969
2019-12-31,8,372873,352934,725807
2019-12-31,9,381985,361776,743761
2019-12-31,10,376669,355707,732376
2019-12-31,11,386060,365603,751663
2019-12-31,12,384312,362358,746670
2019-12-31,13,377121,354577,731698
2019-12-31,14,380989,359517,740506
2019-12-31,15,389361,367462,756823
2019-12-31,16,390458,367424,757882
2019-12-31,17,398912,373026,771938
2019-12-31,18,414640,383874,798514
2019-12-31,19,445475,408611,854086
2019-12-31,20,462725,416144,878869
2019-12-31,21,474649,431253,905902
2019-12-31,22,497629,450017,947646
2019-12-31,23,494185,450406,944591
2019-12-31,24,487309,444114,931423
2019-12-31,25,494331,452701,947032
2019-12-31,26,508936,469206,978142
2019-12-31,27,516271,479244,995515
2019-12-31,28,533893,496421,1030314
2019-12-31,29,582551,540917,1123468
2019-12-31,30,572863,536364,1109227
2019-12-31,31,586239,547343,1133582
2019-12-31,32,572165,536845,1109010
2019-12-31,33,558639,530061,1088700
2019-12-31,34,540359,514842,1055201
2019-12-31,35,535452,512634,1048086
2019-12-31,36,533620,515142,1048762
2019-12-31,37,543069,526099,1069168
2019-12-31,38,534940,524539,1059479
2019-12-31,39,536040,527675,1063715
2019-12-31,40,509370,502448,1011818
2019-12-31,41,502267,495161,997428
2019-12-31,42,497583,490040,987623
2019-12-31,43,486715,482170,968885
2019-12-31,44,474999,468273,943272
2019-12-31,45,478749,475713,954462
2019-12-31,46,481428,479401,960829
2019-12-31,47,521939,516858,1038797
2019-12-31,48,573372,566218,1139590
2019-12-31,49,593452,586228,1179680
2019-12-31,50,637745,626200,1263945
2019-12-31,51,666400,654560,1320960
2019-12-31,52,681623,671147,1352770
2019-12-31,53,698358,687250,1385608
2019-12-31,54,699645,687307,1386952
2019-12-31,55,709145,699687,1408832
2019-12-31,56,699652,693290,1392942
2019-12-31,57,672765,671623,1344388
2019-12-31,58,657265,662587,1319852
2019-12-31,59,631563,639728,1271291
2019-12-31,60,610222,619887,1230109
2019-12-31,61,572499,584626,1157125
2019-12-31,62,554257,570501,1124758
2019-12-31,63,533171,554786,1087957
2019-12-31,64,509304,538518,1047822
2019-12-31,65,490640,530406,1021046
2019-12-31,66,468105,513081,981186
2019-12-31,67,462222,510373,972595
2019-12-31,68,448219,497899,946118
2019-12-31,69,443341,494746,938087
2019-12-31,70,424241,473859,898100
2019-12-31,71,383230,428232,811462
2019-12-31,72,353046,401461,754507
2019-12-31,73,301078,347111,648189
2019-12-31,74,256685,305152,561837
2019-12-31,75,337865,402663,740528
2019-12-31,76,336110,404265,740375
2019-12-31,77,317005,387280,704285
2019-12-31,78,370011,466392,836403
2019-12-31,79,372039,482790,854829
2019-12-31,80,349356,464990,814346
2019-12-31,81,307110,418901,726011
2019-12-31,82,267416,376292,643708
2019-12-31,83,238102,347235,585337
2019-12-31,84,208306,316573,524879
2019-12-31,85,793584,1593270,2386854
